0.133000 0.137500 0.137500 0.148250 0.167500 0.177056 0.179500 0.177417 0.182208 0.178778 0.141167 0.135333 0.137233 0.147750 0.159083 0.170000 0.176500 0.183056 0.182667 0.180389 0.182292 0.137500 0.138833 0.137389 0.147166 0.155833 0.157033 0.163250 0.167389 0.178300 0.182111 0.187333 0.182889 0.137833 0.138056 0.149167 0.148556 0.155166 0.168167 0.172584 0.179000 0.179452 0.180894 0.182167 0.182500 0.137500 0.136500 0.145500 0.148000 0.161500 0.165833 0.171250 0.179309 0.178766 0.176667 0.178633 0.178115 0.138833 0.149833 0.146167 0.156667 0.157666 0.168000 0.174967 0.181167 0.178976 0.178333 0.181542 0.146000 0.150833 0.155722 0.165214 0.172278 0.181944 0.176000 0.185833 0.179500 0.185833
0.137500 0.000000 0.131000 0.148000 0.169833 0.171778 0.178133 0.175583 0.178625 0.179889 0.136000 0.135000 0.132600 0.152917 0.159750 0.173000 0.171000 0.181444 0.182000 0.178667 0.178792 0.133667 0.137000 0.143333 0.152333 0.154778 0.155133 0.163250 0.168889 0.177867 0.181722 0.183166 0.183056 0.139111 0.142000 0.140500 0.148889 0.163000 0.166000 0.164750 0.178267 0.178143 0.181182 0.182667 0.181400 0.142500 0.147667 0.142333 0.145334 0.160667 0.158834 0.170917 0.178000 0.177733 0.172583 0.178800 0.176974 0.143167 0.156333 0.147834 0.157334 0.163834 0.168667 0.172200 0.180111 0.179190 0.175500 0.179208 0.147500 0.150889 0.159666 0.171143 0.170556 0.175333 0.175084 0.180333 0.179444 0.182500
0.137500 0.131000 0.129333 0.146500 0.168833 0.177000 0.176867 0.175667 0.179708 0.177611 0.143334 0.134167 0.137933 0.146667 0.157750 0.170250 0.173111 0.180722 0.180917 0.177667 0.178500 0.140666 0.140333 0.142222 0.153000 0.155445 0.159867 0.164917 0.168445 0.176667 0.179445 0.178750 0.180111 0.142667 0.143444 0.147500 0.145500 0.156334 0.166917 0.167750 0.178667 0.178952 0.178242 0.180167 0.179133 0.144167 0.146000 0.144000 0.149500 0.156666 0.168333 0.171833 0.177905 0.177867 0.175500 0.176733 0.176205 0.143500 0.154667 0.145833 0.154333 0.163500 0.168167 0.174800 0.182111 0.178286 0.175083 0.179250 0.146500 0.151222 0.155111 0.166286 0.169222 0.181778 0.176000 0.182333 0.178222 0.179000
0.148250 0.148000 0.146500 0.094444 0.135417 0.156500 0.169200 0.165875 0.171583 0.171167 0.156166 0.148500 0.148700 0.138583 0.137500 0.153792 0.163389 0.170472 0.173625 0.169278 0.169896 0.152000 0.152167 0.152333 0.154000 0.146611 0.152800 0.153333 0.161167 0.168500 0.170861 0.172792 0.174639 0.150472 0.153222 0.157250 0.149694 0.157333 0.162042 0.165458 0.170433 0.169595 0.170273 0.171500 0.172500 0.153167 0.150333 0.158500 0.152333 0.158833 0.166333 0.167708 0.171333 0.171467 0.167333 0.168300 0.167654 0.154834 0.167667 0.158250 0.162000 0.164250 0.163583 0.166133 0.172167 0.169024 0.169125 0.170458 0.157917 0.159389 0.160111 0.164095 0.164556 0.170222 0.170417 0.171666 0.173889 0.174167
0.167500 0.169833 0.168833 0.135417 0.101000 0.147389 0.162167 0.166583 0.168375 0.168555 0.176500 0.166666 0.169233 0.162583 0.145417 0.146000 0.156389 0.165778 0.168917 0.168611 0.167750 0.168833 0.175834 0.169611 0.166500 0.158278 0.162367 0.158583 0.156611 0.165833 0.171222 0.169833 0.170222 0.171111 0.173167 0.173833 0.169111 0.164500 0.173083 0.169417 0.167600 0.168548 0.167227 0.171000 0.168633 0.172833 0.170833 0.179167 0.171000 0.178833 0.178167 0.174750 0.174643 0.168167 0.169167 0.167100 0.167474 0.169500 0.185833 0.173000 0.179667 0.179667 0.175667 0.169767 0.170278 0.168786 0.169333 0.170000 0.173667 0.173944 0.173389 0.176071 0.165167 0.167945 0.168750 0.167834 0.171500 0.176667
0.177056 0.171778 0.177000 0.156500 0.147389 0.111333 0.151911 0.155361 0.156125 0.157185 0.185778 0.176555 0.176600 0.172528 0.159361 0.145556 0.146556 0.154370 0.159389 0.159185 0.156153 0.181444 0.181000 0.179037 0.177222 0.167444 0.166245 0.160472 0.151778 0.156311 0.158018 0.159778 0.158944 0.177556 0.176741 0.180278 0.174741 0.172778 0.169778 0.164194 0.159356 0.160460 0.160697 0.161444 0.160378 0.176611 0.175000 0.181444 0.179000 0.189111 0.177056 0.165250 0.165873 0.161689 0.160194 0.159911 0.160974 0.176056 0.187889 0.183389 0.183889 0.180166 0.174111 0.164289 0.160037 0.159318 0.162000 0.162792 0.179944 0.182963 0.176482 0.176064 0.168111 0.162000 0.157194 0.161667 0.163518 0.165611
0.179500 0.178133 0.176867 0.169200 0.162167 0.151911 0.124200 0.138283 0.141525 0.145089 0.185333 0.177400 0.177213 0.175183 0.169017 0.158500 0.136111 0.140489 0.142433 0.142489 0.143958 0.184067 0.176867 0.179422 0.178600 0.170467 0.169267 0.162250 0.150667 0.144480 0.146189 0.147200 0.145678 0.179867 0.180267 0.183567 0.174978 0.167534 0.167233 0.155817 0.151520 0.147533 0.146006 0.145200 0.148600 0.180367 0.180333 0.187267 0.180267 0.180933 0.171567 0.159150 0.154819 0.150320 0.148717 0.148240 0.148349 0.174367 0.190200 0.183700 0.184600 0.171300 0.170133 0.160013 0.150156 0.148981 0.149133 0.149958 0.180167 0.184578 0.175978 0.177048 0.163311 0.155911 0.151483 0.149133 0.152689 0.153833
0.177417 0.175583 0.175667 0.165875 0.166583 0.155361 0.138283 0.133389 0.140688 0.142361 0.183583 0.176417 0.177417 0.172750 0.167917 0.160083 0.140861 0.142278 0.142458 0.141861 0.141896 0.180583 0.176417 0.177917 0.179084 0.166528 0.166250 0.162083 0.151250 0.144517 0.144417 0.145125 0.146167 0.177806 0.176306 0.182750 0.171889 0.165917 0.164250 0.155167 0.150600 0.146369 0.145644 0.141917 0.144550 0.176417 0.173084 0.180583 0.177250 0.181083 0.175250 0.160000 0.155845 0.150050 0.146458 0.146450 0.145468 0.175583 0.186250 0.182333 0.185083 0.172917 0.169167 0.158783 0.151250 0.148559 0.149208 0.149792 0.176417 0.181083 0.174417 0.174441 0.162250 0.153028 0.149375 0.147417 0.150361 0.154667
0.182208 0.178625 0.179708 0.171583 0.168375 0.156125 0.141525 0.140688 0.133083 0.137278 0.186458 0.179875 0.179325 0.178625 0.172583 0.163667 0.144486 0.145375 0.140583 0.136847 0.140396 0.182792 0.180875 0.181375 0.184208 0.171542 0.170525 0.164292 0.157097 0.144208 0.144375 0.143458 0.144014 0.182556 0.180986 0.186208 0.177181 0.170875 0.168854 0.157583 0.150908 0.145554 0.144473 0.142292 0.142608 0.181208 0.179625 0.185541 0.182500 0.184125 0.175000 0.160354 0.154875 0.150658 0.148542 0.147658 0.146548 0.180208 0.191625 0.185500 0.186375 0.175500 0.171250 0.160708 0.150014 0.147530 0.149458 0.148750 0.183667 0.186486 0.179430 0.177268 0.163014 0.154319 0.150229 0.146458 0.150236 0.151625
0.178778 0.179889 0.177611 0.171167 0.168555 0.157185 0.145089 0.142361 0.137278 0.131956 0.187778 0.180556 0.180600 0.176305 0.172694 0.161778 0.144111 0.145778 0.144556 0.137963 0.137097 0.183778 0.180555 0.180148 0.182111 0.169630 0.169178 0.165000 0.156630 0.145022 0.145759 0.144194 0.142167 0.182667 0.179963 0.180167 0.176704 0.169333 0.167417 0.157778 0.150556 0.145413 0.145192 0.140000 0.142422 0.179833 0.181444 0.187000 0.180500 0.181445 0.174222 0.162305 0.155841 0.150089 0.148778 0.149089 0.146556 0.179556 0.191667 0.184111 0.184389 0.174555 0.170778 0.158778 0.151148 0.147667 0.151194 0.147583 0.181278 0.184778 0.176963 0.178810 0.164963 0.154815 0.151972 0.147222 0.150556 0.152222
0.141167 0.136000 0.143334 0.156166 0.176500 0.185778 0.185333 0.183583 0.186458 0.187778 0.000000 0.139666 0.140467 0.147750 0.166583 0.176167 0.180556 0.189000 0.187833 0.186667 0.188042 0.137000 0.143000 0.146222 0.150333 0.164334 0.161933 0.166250 0.178000 0.183333 0.187389 0.189333 0.186944 0.142445 0.143556 0.151166 0.153000 0.159667 0.170000 0.178084 0.186533 0.185000 0.186515 0.189667 0.189533 0.141167 0.155000 0.138333 0.152000 0.163333 0.170833 0.172083 0.186000 0.185600 0.183583 0.180133 0.185692 0.141500 0.156333 0.149833 0.160334 0.166834 0.176000 0.181800 0.186778 0.182905 0.182000 0.188042 0.148167 0.152000 0.160778 0.177238 0.181667 0.189333 0.184583 0.193000 0.186333 0.191500
0.135333 0.135000 0.134167 0.148500 0.166666 0.176556 0.177400 0.176417 0.179875 0.180556 0.139666 0.133333 0.138933 0.147167 0.158750 0.169417 0.175000 0.182945 0.180917 0.176555 0.179292 0.136667 0.138000 0.137333 0.145000 0.156000 0.159200 0.161000 0.168444 0.178400 0.180722 0.183083 0.182611 0.137333 0.143889 0.149834 0.148667 0.154666 0.167583 0.170750 0.179467 0.179190 0.179667 0.181000 0.183800 0.141000 0.143666 0.143334 0.144834 0.159000 0.166166 0.172083 0.178810 0.177200 0.174667 0.178200 0.178026 0.141334 0.148000 0.149333 0.158166 0.157500 0.171667 0.176133 0.181667 0.178095 0.178083 0.180583 0.148667 0.146000 0.156445 0.167000 0.172667 0.178556 0.174167 0.181000 0.179556 0.183500
0.137233 0.132600 0.137933 0.148700 0.169233 0.176600 0.177213 0.177417 0.179325 0.180600 0.140467 0.138933 0.123333 0.144017 0.157483 0.170800 0.175022 0.182600 0.182100 0.179533 0.180975 0.141600 0.140800 0.139933 0.146933 0.154845 0.158507 0.162450 0.169533 0.176253 0.179589 0.183600 0.182233 0.141400 0.140644 0.145900 0.146511 0.156000 0.165800 0.172250 0.179947 0.179448 0.179564 0.185667 0.182133 0.143700 0.145200 0.142533 0.145533 0.156467 0.166700 0.169283 0.178105 0.179080 0.173917 0.178733 0.178620 0.143900 0.153067 0.146033 0.156267 0.161167 0.171733 0.175627 0.178889 0.178743 0.178300 0.179792 0.146033 0.151355 0.155822 0.165038 0.172578 0.179044 0.176817 0.178933 0.179778 0.183033
0.147750 0.152917 0.146667 0.138583 0.162583 0.172528 0.175183 0.172750 0.178625 0.176306 0.147750 0.147167 0.144017 0.115167 0.150667 0.167250 0.170361 0.178778 0.179833 0.175417 0.175104 0.151417 0.151083 0.146917 0.150583 0.146361 0.155250 0.159000 0.161750 0.172717 0.178167 0.179500 0.178917 0.148972 0.146806 0.153833 0.150028 0.157917 0.165250 0.172667 0.177183 0.178274 0.177068 0.179417 0.178417 0.148000 0.153750 0.157083 0.157500 0.164083 0.169750 0.171167 0.178512 0.176583 0.175542 0.178383 0.175327 0.148166 0.164917 0.158000 0.162000 0.165833 0.170583 0.174417 0.177028 0.176583 0.175583 0.177813 0.158500 0.157361 0.161028 0.169750 0.172750 0.177194 0.175125 0.178583 0.182250 0.178833
0.159083 0.159750 0.157750 0.137500 0.145417 0.159361 0.169017 0.167917 0.172583 0.172694 0.166583 0.158750 0.157483 0.150667 0.116722 0.151042 0.164639 0.173639 0.174833 0.171583 0.172333 0.162083 0.163083 0.157861 0.163583 0.148861 0.155817 0.153583 0.157528 0.171317 0.174305 0.174208 0.175333 0.161555 0.162695 0.167000 0.156945 0.159750 0.167583 0.169333 0.173767 0.173726 0.172917 0.173167 0.173183 0.160167 0.166250 0.169417 0.168250 0.169083 0.172333 0.171208 0.175964 0.174683 0.172417 0.171283 0.171468 0.162167 0.176584 0.167250 0.169250 0.174000 0.175333 0.172383 0.175639 0.170798 0.173250 0.175187 0.165250 0.168861 0.170750 0.174226 0.170250 0.173195 0.172583 0.169583 0.173972 0.178750
0.170000 0.173000 0.170250 0.153792 0.146000 0.145556 0.158500 0.160083 0.163667 0.161778 0.176167 0.169417 0.170800 0.167250 0.151042 0.121444 0.151778 0.161333 0.163958 0.165111 0.164021 0.172334 0.173000 0.170500 0.170833 0.154444 0.160900 0.155083 0.148111 0.161200 0.163389 0.167375 0.164111 0.172972 0.172667 0.180833 0.166944 0.167666 0.166250 0.167542 0.162283 0.162643 0.163546 0.161167 0.168700 0.172250 0.169667 0.178167 0.173917 0.179500 0.168917 0.166833 0.165929 0.163933 0.164833 0.161133 0.163513 0.170250 0.180500 0.177417 0.179667 0.175750 0.169333 0.164833 0.166333 0.163952 0.163792 0.164604 0.173750 0.176389 0.176278 0.176929 0.164444 0.164278 0.163250 0.162000 0.167055 0.165250
0.176500 0.171000 0.173111 0.163389 0.156389 0.146556 0.136111 0.140861 0.144486 0.144111 0.180556 0.175000 0.175022 0.170361 0.164639 0.151778 0.118667 0.141370 0.145778 0.145074 0.142986 0.176889 0.172889 0.177741 0.172889 0.163259 0.162755 0.156528 0.145370 0.143622 0.145685 0.146667 0.145982 0.176741 0.172926 0.178944 0.169593 0.162667 0.161833 0.153250 0.149022 0.145556 0.145293 0.144778 0.144667 0.176055 0.175778 0.180889 0.173889 0.182778 0.170833 0.155528 0.154143 0.150689 0.144861 0.145844 0.145000 0.171389 0.186667 0.181833 0.182555 0.172278 0.167000 0.156578 0.152074 0.148571 0.147667 0.150764 0.181833 0.180704 0.170593 0.173730 0.160889 0.154185 0.151417 0.146000 0.151333 0.151945
0.183055 0.181444 0.180722 0.170472 0.165778 0.154370 0.140489 0.142278 0.145375 0.145778 0.189000 0.182945 0.182600 0.178778 0.173639 0.161333 0.141370 0.141956 0.143695 0.144074 0.145514 0.186222 0.185111 0.185259 0.185000 0.170926 0.170689 0.162361 0.153741 0.145244 0.145667 0.147056 0.146833 0.185167 0.182296 0.189833 0.178852 0.172000 0.169417 0.157889 0.151589 0.148286 0.148253 0.145056 0.147467 0.185278 0.182555 0.187889 0.182444 0.187666 0.176000 0.161722 0.155397 0.152955 0.149889 0.149356 0.147838 0.180556 0.193667 0.189167 0.190056 0.177222 0.171778 0.161022 0.152296 0.150825 0.151639 0.151306 0.185167 0.188444 0.180445 0.177397 0.162296 0.155444 0.151917 0.152667 0.151815 0.152833
0.182667 0.182000 0.180917 0.173625 0.168917 0.159389 0.142433 0.142458 0.140583 0.144556 0.187833 0.180917 0.182100 0.179833 0.174833 0.163958 0.145778 0.143694 0.142111 0.141945 0.144042 0.188500 0.185167 0.181667 0.187167 0.173000 0.170333 0.164667 0.157222 0.143600 0.144444 0.145542 0.145361 0.185833 0.184667 0.187167 0.179694 0.172333 0.169708 0.156292 0.149817 0.145976 0.144833 0.142417 0.144733 0.185917 0.178334 0.185500 0.182667 0.184667 0.175500 0.161583 0.156905 0.149233 0.148958 0.146700 0.145141 0.183000 0.192834 0.188750 0.189000 0.177833 0.170666 0.158933 0.149667 0.148310 0.149417 0.148729 0.185333 0.187500 0.180889 0.176167 0.161444 0.152055 0.150917 0.148667 0.149556 0.151917
0.180389 0.178667 0.177667 0.169278 0.168611 0.159185 0.142489 0.141861 0.136847 0.137963 0.186667 0.176555 0.179533 0.175417 0.171583 0.165111 0.145074 0.144074 0.141945 0.133556 0.136514 0.182111 0.184556 0.178889 0.178556 0.169370 0.168378 0.162805 0.156519 0.145556 0.143796 0.139833 0.140389 0.181037 0.181407 0.183500 0.175185 0.167445 0.169778 0.157083 0.147978 0.144714 0.143566 0.146222 0.140911 0.181389 0.177222 0.182778 0.177889 0.182000 0.171945 0.158806 0.153809 0.149733 0.147139 0.147467 0.145658 0.176278 0.189444 0.183167 0.181555 0.170833 0.172111 0.158955 0.148630 0.146746 0.149444 0.148264 0.181056 0.185185 0.176408 0.175016 0.161000 0.151481 0.150306 0.148333 0.149074 0.151611
0.182292 0.178792 0.178500 0.169896 0.167750 0.156153 0.143958 0.141896 0.140396 0.137097 0.188042 0.179292 0.180975 0.175104 0.172333 0.164021 0.142986 0.145514 0.144042 0.136514 0.130250 0.186208 0.182375 0.181958 0.181458 0.169569 0.168892 0.163250 0.154236 0.145242 0.144681 0.143021 0.138903 0.183806 0.181625 0.183583 0.175944 0.168958 0.169333 0.156458 0.148992 0.146708 0.144186 0.138833 0.141608 0.182167 0.179542 0.188042 0.180458 0.183041 0.173292 0.158000 0.154018 0.148442 0.148062 0.147408 0.145125 0.180000 0.187042 0.184875 0.186500 0.176958 0.173083 0.159958 0.149680 0.146946 0.148396 0.147083 0.183917 0.186681 0.178403 0.177792 0.163792 0.152653 0.149500 0.147792 0.149542 0.151417
0.137500 0.133667 0.140666 0.152000 0.168833 0.181444 0.184067 0.180583 0.182792 0.183778 0.137000 0.136667 0.141600 0.151417 0.162083 0.172334 0.176889 0.186222 0.188500 0.182111 0.186208 0.000000 0.133333 0.135667 0.142000 0.157778 0.163333 0.161083 0.168778 0.180866 0.184167 0.188166 0.185611 0.139666 0.135444 0.152500 0.146000 0.160667 0.167500 0.172084 0.184334 0.182857 0.184000 0.187667 0.188267 0.134500 0.138667 0.144000 0.144667 0.159000 0.166834 0.171750 0.182143 0.182600 0.177750 0.181267 0.181308 0.140833 0.152000 0.145500 0.148000 0.159834 0.170667 0.178800 0.182667 0.178952 0.180333 0.183958 0.147500 0.144778 0.157111 0.169571 0.171555 0.183222 0.180083 0.184000 0.184222 0.184500
0.138833 0.137000 0.140333 0.152167 0.175834 0.181000 0.176867 0.176417 0.180875 0.180555 0.143000 0.138000 0.140800 0.151083 0.163083 0.173000 0.172889 0.185111 0.185167 0.184556 0.182375 0.133333 0.000000 0.139445 0.150000 0.154666 0.159067 0.166083 0.171444 0.183133 0.181833 0.185000 0.185389 0.138333 0.135666 0.147500 0.146111 0.156000 0.165167 0.166917 0.183667 0.180095 0.180242 0.182667 0.182933 0.137500 0.149333 0.141333 0.150334 0.157667 0.163500 0.168250 0.180524 0.178200 0.174417 0.179000 0.178590 0.142500 0.152667 0.147833 0.156000 0.160500 0.169000 0.177467 0.184222 0.178476 0.181000 0.180292 0.145834 0.148111 0.154444 0.161000 0.171333 0.180333 0.179083 0.180667 0.180667 0.182167
0.137389 0.143333 0.142222 0.152333 0.169611 0.179037 0.179422 0.177917 0.181375 0.180148 0.146222 0.137334 0.139933 0.146917 0.157861 0.170500 0.177741 0.185259 0.181667 0.178889 0.181958 0.135667 0.139445 0.138889 0.142333 0.154407 0.158422 0.163806 0.169852 0.177645 0.181870 0.184833 0.184167 0.139889 0.139111 0.146611 0.145444 0.154556 0.168055 0.170305 0.180156 0.179159 0.179364 0.181778 0.183178 0.139500 0.142333 0.148333 0.145222 0.155111 0.167167 0.169972 0.178825 0.181289 0.176861 0.178622 0.177795 0.142389 0.151444 0.146056 0.155667 0.161500 0.169667 0.174778 0.179963 0.178302 0.180722 0.181986 0.146278 0.147778 0.155222 0.165111 0.170556 0.179407 0.177250 0.185444 0.179296 0.185611
0.147166 0.152333 0.153000 0.154000 0.166500 0.177222 0.178600 0.179084 0.184208 0.182111 0.150333 0.145000 0.146933 0.150583 0.163583 0.170833 0.172889 0.185000 0.187167 0.178556 0.181458 0.142000 0.150000 0.142333 0.000000 0.153111 0.155600 0.168750 0.169222 0.179267 0.181722 0.187000 0.184056 0.147444 0.149445 0.147834 0.148556 0.157333 0.168500 0.172250 0.181067 0.178476 0.180727 0.184667 0.185600 0.150833 0.155333 0.154667 0.149000 0.157000 0.169166 0.172583 0.181857 0.183800 0.176584 0.176867 0.178641 0.150166 0.170000 0.158500 0.157333 0.163166 0.167333 0.175067 0.184444 0.179905 0.176833 0.182708 0.156500 0.158778 0.158000 0.168619 0.176445 0.182556 0.180250 0.188000 0.181111 0.182833
0.155833 0.154778 0.155444 0.146611 0.158278 0.167444 0.170467 0.166528 0.171542 0.169630 0.164334 0.156000 0.154845 0.146361 0.148861 0.154444 0.163259 0.170926 0.173000 0.169370 0.169569 0.157778 0.154666 0.154407 0.153111 0.120889 0.146578 0.155583 0.158111 0.164689 0.173167 0.174722 0.173759 0.156259 0.154778 0.163278 0.149889 0.155556 0.162333 0.167083 0.171222 0.169397 0.170606 0.170667 0.174089 0.157055 0.156667 0.161778 0.155111 0.163000 0.162611 0.168639 0.171191 0.169311 0.169528 0.170600 0.169068 0.158945 0.165556 0.161056 0.163889 0.163611 0.165889 0.168889 0.172296 0.170825 0.169278 0.171070 0.160945 0.161074 0.165704 0.170809 0.168889 0.172259 0.170361 0.175333 0.171111 0.176167
0.157033 0.155133 0.159867 0.152800 0.162367 0.166245 0.169267 0.166250 0.170525 0.169178 0.161933 0.159200 0.158507 0.155250 0.155817 0.160900 0.162755 0.170689 0.170333 0.168378 0.168892 0.163333 0.159067 0.158422 0.155600 0.146578 0.120800 0.147350 0.154867 0.169267 0.171500 0.174367 0.171744 0.159200 0.158333 0.162233 0.148311 0.145733 0.151300 0.160550 0.167840 0.167390 0.169176 0.169267 0.170720 0.163300 0.161867 0.160400 0.161867 0.163000 0.157500 0.162250 0.166829 0.169773 0.166150 0.167053 0.167574 0.157433 0.169600 0.163167 0.165400 0.160167 0.161400 0.165893 0.168756 0.169143 0.166267 0.168658 0.162700 0.164422 0.162311 0.166829 0.167733 0.168911 0.165217 0.166267 0.171067 0.170633
0.163250 0.163250 0.164917 0.153333 0.158583 0.160472 0.162250 0.162083 0.164292 0.165000 0.166250 0.161000 0.162450 0.159000 0.153583 0.155083 0.156528 0.162361 0.164667 0.162806 0.163250 0.161083 0.166083 0.163806 0.168750 0.155583 0.147350 0.136500 0.148972 0.161183 0.163111 0.164792 0.164000 0.165722 0.163472 0.171333 0.159445 0.156917 0.154250 0.155042 0.160483 0.161702 0.161068 0.162750 0.163150 0.167583 0.167584 0.169583 0.165250 0.172083 0.163167 0.157792 0.161369 0.161450 0.160292 0.161283 0.161545 0.161917 0.174750 0.169500 0.170417 0.165083 0.163917 0.162650 0.161472 0.159655 0.162625 0.163146 0.165333 0.168083 0.168139 0.170655 0.162139 0.163750 0.159958 0.163750 0.164250 0.163584
0.167389 0.168889 0.168444 0.161167 0.156611 0.151778 0.150667 0.151250 0.157097 0.156630 0.178000 0.168444 0.169533 0.161750 0.157528 0.148111 0.145370 0.153741 0.157222 0.156519 0.154236 0.168778 0.171444 0.169852 0.169222 0.158111 0.154867 0.148972 0.125111 0.151289 0.154204 0.157611 0.157537 0.172630 0.171778 0.176056 0.164630 0.160556 0.161000 0.159417 0.153222 0.155603 0.155747 0.158555 0.156422 0.172834 0.172778 0.174111 0.171222 0.177556 0.172722 0.160083 0.158476 0.157378 0.154806 0.154089 0.152325 0.171056 0.183000 0.177056 0.177555 0.167278 0.170444 0.159978 0.156926 0.156238 0.157833 0.155570 0.173278 0.173111 0.168852 0.171778 0.162630 0.158371 0.156417 0.153000 0.160630 0.155500
0.178300 0.177867 0.176667 0.168500 0.165833 0.156311 0.144480 0.144517 0.144208 0.145022 0.183333 0.178400 0.176253 0.172717 0.171317 0.161200 0.143622 0.145244 0.143600 0.145556 0.145242 0.180866 0.183133 0.177645 0.179267 0.164689 0.169267 0.161183 0.151289 0.131000 0.142789 0.145400 0.148722 0.181311 0.178044 0.184100 0.174644 0.170333 0.166833 0.157417 0.148747 0.146181 0.147339 0.144800 0.146227 0.180967 0.174333 0.184333 0.177400 0.181067 0.171033 0.159917 0.156419 0.151413 0.148017 0.146880 0.146738 0.176300 0.187000 0.184566 0.183667 0.169167 0.171733 0.160787 0.151356 0.148791 0.151833 0.151192 0.182167 0.184933 0.174067 0.174895 0.162022 0.154800 0.152217 0.147000 0.151400 0.153300
0.182111 0.181722 0.179445 0.170861 0.171222 0.158018 0.146189 0.144417 0.144375 0.145759 0.187389 0.180722 0.179589 0.178167 0.174305 0.163389 0.145685 0.145667 0.144444 0.143796 0.144681 0.184167 0.181833 0.181870 0.181722 0.173167 0.171500 0.163111 0.154204 0.142789 0.142111 0.144750 0.147593 0.182759 0.179537 0.186833 0.176741 0.168611 0.168250 0.156639 0.148156 0.146040 0.145359 0.141667 0.145789 0.181889 0.180833 0.185056 0.180167 0.181722 0.173833 0.160611 0.153516 0.148633 0.147667 0.148122 0.146517 0.179333 0.187834 0.187833 0.183778 0.175000 0.167222 0.156544 0.150352 0.148357 0.150139 0.149861 0.181944 0.185278 0.177574 0.173913 0.160315 0.153500 0.150111 0.148278 0.149426 0.149222
0.187333 0.183166 0.178750 0.172792 0.169833 0.159778 0.147200 0.145125 0.143458 0.144194 0.189333 0.183083 0.183600 0.179500 0.174208 0.167375 0.146667 0.147056 0.145542 0.139833 0.143021 0.188166 0.185000 0.184833 0.187000 0.174722 0.174367 0.164792 0.157611 0.145400 0.144750 0.140222 0.143528 0.186722 0.185000 0.187417 0.180528 0.174000 0.172542 0.158125 0.150200 0.146310 0.145197 0.141583 0.139933 0.185667 0.183666 0.191666 0.184250 0.189333 0.178083 0.163208 0.152190 0.149433 0.147333 0.146867 0.145038 0.184333 0.192000 0.190000 0.189000 0.178500 0.174333 0.161533 0.148889 0.146595 0.149083 0.149667 0.187333 0.189611 0.178278 0.178309 0.160722 0.151611 0.150917 0.147667 0.150722 0.148583
0.182889 0.183056 0.180111 0.174639 0.170222 0.158944 0.145678 0.146167 0.144014 0.142167 0.186944 0.182611 0.182233 0.178917 0.175333 0.164111 0.145982 0.146833 0.145361 0.140389 0.138903 0.185611 0.185389 0.184167 0.184056 0.173759 0.171744 0.164000 0.157537 0.148722 0.147593 0.143528 0.141222 0.185852 0.183574 0.185055 0.178444 0.169945 0.169583 0.159056 0.149467 0.144944 0.145470 0.142000 0.140478 0.184500 0.180278 0.190166 0.181667 0.185944 0.174944 0.161750 0.155040 0.150411 0.146833 0.146522 0.145782 0.181389 0.192722 0.186889 0.187389 0.176167 0.170389 0.159922 0.150019 0.147103 0.149306 0.148320 0.186056 0.188056 0.179722 0.178119 0.162315 0.155167 0.149528 0.149500 0.148759 0.148611
0.137833 0.139111 0.142667 0.150472 0.171111 0.177556 0.179867 0.177806 0.182556 0.182667 0.142445 0.137333 0.141400 0.148972 0.161556 0.172972 0.176741 0.185167 0.185833 0.181037 0.183806 0.139666 0.138333 0.139889 0.147444 0.156259 0.159200 0.165722 0.172630 0.181311 0.182759 0.186722 0.185852 0.136400 0.137518 0.146444 0.147204 0.156111 0.168028 0.172055 0.181344 0.181190 0.182697 0.184500 0.184978 0.139167 0.138444 0.143445 0.146833 0.156445 0.162611 0.174500 0.180540 0.180533 0.179000 0.179711 0.179795 0.138056 0.149445 0.142833 0.154222 0.158667 0.169778 0.175200 0.183889 0.179175 0.179833 0.182028 0.142833 0.145185 0.153407 0.164143 0.172074 0.181444 0.178167 0.186000 0.183556 0.184778
0.138056 0.142000 0.143444 0.153222 0.173167 0.176741 0.180267 0.176306 0.180986 0.179963 0.143556 0.143889 0.140644 0.146806 0.162695 0.172667 0.172926 0.182296 0.184667 0.181407 0.181625 0.135444 0.135666 0.139111 0.149445 0.154778 0.158333 0.163472 0.171778 0.178044 0.179537 0.185000 0.183574 0.137518 0.132000 0.144278 0.144407 0.152111 0.166445 0.168917 0.180400 0.179349 0.179828 0.184222 0.180956 0.138722 0.140556 0.136778 0.147889 0.154000 0.164055 0.170806 0.179587 0.180178 0.177306 0.177511 0.178085 0.137056 0.149444 0.142389 0.149556 0.157167 0.165444 0.173267 0.179222 0.177825 0.176333 0.182181 0.143167 0.144889 0.155222 0.159714 0.171963 0.176741 0.175472 0.180111 0.178630 0.183833
0.149167 0.140500 0.147500 0.157250 0.173833 0.180278 0.183567 0.182750 0.186208 0.180167 0.151166 0.149834 0.145900 0.153833 0.167000 0.180833 0.178944 0.189833 0.187167 0.183500 0.183583 0.152500 0.147500 0.146611 0.147834 0.163278 0.162233 0.171333 0.176056 0.184100 0.186833 0.187417 0.185056 0.146444 0.144278 0.141000 0.152000 0.158834 0.174083 0.176333 0.186467 0.184786 0.185621 0.189500 0.184500 0.148834 0.152834 0.153500 0.143834 0.159500 0.168333 0.176167 0.184928 0.186833 0.182583 0.186033 0.184013 0.146167 0.159500 0.155000 0.156167 0.169000 0.172834 0.179967 0.186167 0.183262 0.184583 0.185875 0.156666 0.152833 0.160278 0.171643 0.181722 0.184611 0.187083 0.191500 0.186500 0.187167
0.148556 0.148889 0.145500 0.149694 0.169111 0.174741 0.174978 0.171889 0.177181 0.176704 0.153000 0.148667 0.146511 0.150028 0.156945 0.166944 0.169593 0.178852 0.179694 0.175185 0.175944 0.146000 0.146111 0.145445 0.148556 0.149889 0.148311 0.159445 0.164630 0.174644 0.176741 0.180528 0.178444 0.147204 0.144407 0.152000 0.131644 0.149778 0.159944 0.167917 0.175378 0.174857 0.175758 0.177334 0.178556 0.146111 0.150111 0.150667 0.146278 0.153444 0.159722 0.165639 0.173571 0.175089 0.174055 0.174533 0.174103 0.146722 0.155000 0.148944 0.153667 0.157111 0.167444 0.167933 0.177148 0.173397 0.174222 0.175417 0.151167 0.151111 0.154926 0.164492 0.169704 0.175296 0.174000 0.177000 0.177482 0.178944
0.155166 0.163000 0.156334 0.157333 0.164500 0.172778 0.167534 0.165917 0.170875 0.169333 0.159667 0.154666 0.156000 0.157917 0.159750 0.167666 0.162667 0.172000 0.172333 0.167445 0.168958 0.160667 0.156000 0.154556 0.157333 0.155556 0.145733 0.156917 0.160556 0.170333 0.168611 0.174000 0.169945 0.156111 0.152111 0.158834 0.149778 0.000000 0.150667 0.165083 0.169933 0.165047 0.167697 0.173667 0.167334 0.153833 0.157333 0.158667 0.154333 0.151667 0.154500 0.158917 0.167095 0.165133 0.164917 0.167533 0.169051 0.150166 0.160667 0.158500 0.156334 0.156166 0.156334 0.162133 0.166889 0.168190 0.164667 0.170708 0.155500 0.157889 0.154222 0.159381 0.163556 0.173444 0.169417 0.175333 0.170667 0.173167
0.168167 0.166000 0.166917 0.162042 0.173083 0.169778 0.167233 0.164250 0.168854 0.167417 0.170000 0.167583 0.165800 0.165250 0.167583 0.166250 0.161833 0.169417 0.169708 0.169778 0.169333 0.167500 0.165167 0.168055 0.168500 0.162333 0.151300 0.154250 0.161000 0.166833 0.168250 0.172542 0.169583 0.168028 0.166444 0.174083 0.159944 0.150667 0.122667 0.154583 0.164283 0.164143 0.165379 0.171750 0.167833 0.168833 0.169166 0.169500 0.167166 0.159000 0.153417 0.149708 0.162024 0.165400 0.164417 0.163467 0.165513 0.163000 0.172167 0.170667 0.168750 0.162750 0.159250 0.159067 0.169111 0.164762 0.164417 0.166063 0.169167 0.165611 0.163889 0.166762 0.163944 0.165444 0.163125 0.165333 0.169611 0.167333
0.172584 0.164750 0.167750 0.165458 0.169417 0.164194 0.155817 0.155167 0.157583 0.157778 0.178084 0.170750 0.172250 0.172667 0.169333 0.167542 0.153250 0.157889 0.156292 0.157083 0.156458 0.172084 0.166917 0.170305 0.172250 0.167083 0.160550 0.155042 0.159417 0.157417 0.156639 0.158125 0.159056 0.172055 0.168917 0.176333 0.167917 0.165083 0.154583 0.119056 0.153683 0.154726 0.155401 0.153000 0.155517 0.171417 0.170583 0.173250 0.171167 0.171583 0.160917 0.151125 0.152512 0.154717 0.153000 0.154717 0.153622 0.169083 0.175583 0.176834 0.175583 0.169167 0.164083 0.156483 0.158028 0.154988 0.154333 0.155833 0.172250 0.175583 0.166861 0.169226 0.160417 0.162417 0.153542 0.157750 0.153194 0.157833
0.179000 0.178267 0.178667 0.170433 0.167600 0.159356 0.151520 0.150600 0.150908 0.150556 0.186533 0.179467 0.179947 0.177183 0.173767 0.162283 0.149022 0.151589 0.149817 0.147978 0.148992 0.184334 0.183667 0.180156 0.181067 0.171222 0.167840 0.160483 0.153222 0.148747 0.148156 0.150200 0.149467 0.181344 0.180400 0.186467 0.175378 0.169933 0.164283 0.153683 0.142015 0.145933 0.147461 0.146333 0.148427 0.181167 0.175933 0.185333 0.179733 0.180933 0.168967 0.157950 0.151552 0.146880 0.147267 0.146307 0.147015 0.178933 0.189333 0.183567 0.182266 0.171933 0.166467 0.157440 0.150444 0.148390 0.148683 0.149792 0.182533 0.180689 0.175200 0.172838 0.158555 0.151178 0.149683 0.148133 0.149378 0.152000
0.179452 0.178143 0.178952 0.169595 0.168548 0.160460 0.147533 0.146369 0.145554 0.145413 0.185000 0.179191 0.179448 0.178274 0.173726 0.162643 0.145556 0.148286 0.145976 0.144714 0.146708 0.182857 0.180095 0.179159 0.178476 0.169397 0.167390 0.161702 0.155603 0.146181 0.146040 0.146310 0.144944 0.181190 0.179349 0.184786 0.174857 0.165047 0.164143 0.154726 0.145933 0.139746 0.142476 0.141286 0.143581 0.180976 0.177619 0.185905 0.178143 0.180905 0.167500 0.158464 0.150020 0.143743 0.142202 0.141705 0.141579 0.178691 0.189238 0.183786 0.184476 0.172214 0.166095 0.155486 0.144984 0.143469 0.147500 0.146042 0.181119 0.182048 0.176698 0.174075 0.160349 0.148683 0.146345 0.144095 0.144571 0.146786
0.180894 0.181182 0.178242 0.170273 0.167227 0.160697 0.146006 0.145644 0.144473 0.145192 0.186515 0.179667 0.179564 0.177068 0.172917 0.163546 0.145293 0.148253 0.144833 0.143566 0.144186 0.184000 0.180242 0.179364 0.180727 0.170606 0.169176 0.161068 0.155747 0.147339 0.145359 0.145197 0.145470 0.182697 0.179828 0.185621 0.175758 0.167697 0.165379 0.155401 0.147461 0.142476 0.140994 0.141030 0.142570 0.181015 0.180242 0.186182 0.179939 0.182515 0.170712 0.158598 0.150740 0.145061 0.143356 0.142212 0.142431 0.177894 0.187939 0.184954 0.185636 0.173561 0.169303 0.157212 0.146061 0.144398 0.146227 0.145125 0.183167 0.183889 0.177313 0.175156 0.157879 0.147343 0.146795 0.146303 0.144929 0.147227
0.182167 0.182667 0.180167 0.171500 0.171000 0.161444 0.145200 0.141917 0.142292 0.140000 0.189667 0.181000 0.185667 0.179417 0.173167 0.161167 0.144778 0.145056 0.142417 0.146222 0.138833 0.187667 0.182667 0.181778 0.184667 0.170667 0.169267 0.162750 0.158555 0.144800 0.141667 0.141583 0.142000 0.184500 0.184222 0.189500 0.177334 0.173667 0.171750 0.153000 0.146333 0.141286 0.141030 0.132667 0.139467 0.184000 0.182000 0.188333 0.182167 0.185333 0.173333 0.163500 0.149143 0.144933 0.145250 0.144133 0.141128 0.181833 0.192333 0.188333 0.191333 0.180167 0.172000 0.156600 0.146444 0.144238 0.145917 0.143792 0.187000 0.186222 0.181000 0.180524 0.158667 0.151444 0.145084 0.145000 0.144556 0.148000
0.182500 0.181400 0.179133 0.172500 0.168633 0.160378 0.148600 0.144550 0.142608 0.142422 0.189533 0.183800 0.182133 0.178417 0.173183 0.168700 0.144667 0.147467 0.144733 0.140911 0.141608 0.188267 0.182933 0.183178 0.185600 0.174089 0.170720 0.163150 0.156422 0.146227 0.145789 0.139933 0.140478 0.184978 0.180956 0.184500 0.178556 0.167334 0.167833 0.155517 0.148427 0.143581 0.142570 0.139467 0.135400 0.184034 0.179600 0.185467 0.182867 0.183133 0.175500 0.161017 0.151590 0.148360 0.143383 0.142787 0.141718 0.180967 0.189733 0.185833 0.186733 0.175767 0.170867 0.159520 0.149111 0.144095 0.145733 0.145075 0.183833 0.186467 0.176578 0.176086 0.162445 0.150333 0.148083 0.143200 0.145600 0.146900
0.137500 0.142500 0.144167 0.153167 0.172833 0.176611 0.180367 0.176417 0.181208 0.179833 0.141167 0.141000 0.143700 0.148000 0.160167 0.172250 0.176055 0.185278 0.185917 0.181389 0.182167 0.134500 0.137500 0.139500 0.150833 0.157055 0.163300 0.167583 0.172834 0.180967 0.181889 0.185667 0.184500 0.139167 0.138722 0.148834 0.146111 0.153833 0.168833 0.171417 0.181167 0.180976 0.181015 0.184000 0.184034 0.133000 0.132833 0.141500 0.143333 0.159834 0.167333 0.172083 0.180167 0.181033 0.179083 0.181033 0.179654 0.130833 0.145834 0.139000 0.151500 0.156166 0.167833 0.177233 0.181167 0.179928 0.181667 0.180792 0.141000 0.143056 0.150833 0.160310 0.170944 0.177389 0.177083 0.180500 0.182945 0.184000
0.136500 0.147667 0.146000 0.150333 0.170833 0.175000 0.180333 0.173084 0.179625 0.181444 0.155000 0.143666 0.145200 0.153750 0.166250 0.169667 0.175778 0.182555 0.178334 0.177222 0.179542 0.138667 0.149333 0.142333 0.155333 0.156667 0.161867 0.167584 0.172778 0.174333 0.180833 0.183666 0.180278 0.138444 0.140556 0.152834 0.150111 0.157333 0.169166 0.170583 0.175933 0.177619 0.180242 0.182000 0.179600 0.132833 0.000000 0.147333 0.140333 0.155000 0.165500 0.174417 0.177952 0.180067 0.176583 0.180333 0.175872 0.135167 0.140000 0.136833 0.149000 0.157833 0.170333 0.173600 0.183778 0.179619 0.178667 0.178958 0.139500 0.142111 0.153778 0.161000 0.168444 0.174778 0.173750 0.180667 0.179778 0.183167
0.145500 0.142333 0.144000 0.158500 0.179167 0.181444 0.187267 0.180583 0.185541 0.187000 0.138333 0.143334 0.142533 0.157083 0.169417 0.178167 0.180889 0.187889 0.185500 0.182778 0.188042 0.144000 0.141333 0.148333 0.154667 0.161778 0.160400 0.169583 0.174111 0.184333 0.185056 0.191666 0.190166 0.143445 0.136778 0.153500 0.150667 0.158667 0.169500 0.173250 0.185333 0.185905 0.186182 0.188333 0.185467 0.141500 0.147333 0.000000 0.143667 0.151000 0.162833 0.172083 0.183857 0.183000 0.180250 0.183000 0.184333 0.139833 0.152667 0.142500 0.153666 0.157500 0.168667 0.179200 0.184667 0.182667 0.182500 0.185542 0.142834 0.143222 0.154445 0.159476 0.173111 0.186333 0.183750 0.188000 0.183778 0.189500
0.148000 0.145334 0.149500 0.152333 0.171000 0.179000 0.180267 0.177250 0.182500 0.180500 0.152000 0.144834 0.145533 0.157500 0.168250 0.173917 0.173889 0.182444 0.182667 0.177889 0.180458 0.144667 0.150334 0.145222 0.149000 0.155111 0.161867 0.165250 0.171222 0.177400 0.180167 0.184250 0.181667 0.146833 0.147889 0.143834 0.146278 0.154333 0.167166 0.171167 0.179733 0.178143 0.179939 0.182167 0.182867 0.143333 0.140333 0.143667 0.128000 0.151334 0.160167 0.168000 0.178714 0.180933 0.177250 0.180333 0.178564 0.139833 0.145334 0.142333 0.144334 0.149833 0.166833 0.172333 0.180445 0.180619 0.180917 0.182750 0.143500 0.140778 0.150445 0.160381 0.170000 0.178889 0.177083 0.184000 0.180000 0.183500
0.161500 0.160667 0.156666 0.158833 0.178833 0.189111 0.180933 0.181083 0.184125 0.181445 0.163333 0.159000 0.156467 0.164083 0.169083 0.179500 0.182778 0.187666 0.184667 0.182000 0.183041 0.159000 0.157667 0.155111 0.157000 0.163000 0.163000 0.172083 0.177556 0.181067 0.181722 0.189333 0.185944 0.156445 0.154000 0.159500 0.153444 0.151667 0.159000 0.171583 0.180933 0.180905 0.182515 0.185333 0.183133 0.159834 0.155000 0.151000 0.151334 0.000000 0.153166 0.168583 0.178000 0.181333 0.180583 0.178667 0.181795 0.155833 0.165667 0.156166 0.152667 0.157833 0.161000 0.177933 0.183444 0.181667 0.179833 0.179208 0.155834 0.158445 0.157222 0.165048 0.175889 0.179778 0.180417 0.178333 0.182111 0.179500
0.165833 0.158834 0.168333 0.166333 0.178167 0.177056 0.171567 0.175250 0.175000 0.174222 0.170833 0.166166 0.166700 0.169750 0.172333 0.168917 0.170833 0.176000 0.175500 0.171945 0.173292 0.166834 0.163500 0.167167 0.169166 0.162611 0.157500 0.163167 0.172722 0.171033 0.173833 0.178083 0.174944 0.162611 0.164055 0.168333 0.159722 0.154500 0.153417 0.160917 0.168967 0.167500 0.170712 0.173333 0.175500 0.167333 0.165500 0.162833 0.160167 0.153166 0.119667 0.154750 0.164310 0.168833 0.167333 0.168167 0.170782 0.163333 0.170833 0.167666 0.162000 0.150667 0.153500 0.163900 0.170500 0.170119 0.169083 0.173042 0.166000 0.160611 0.156611 0.162881 0.162945 0.172834 0.169417 0.174500 0.173389 0.176667
0.171250 0.170917 0.171833 0.167708 0.174750 0.165250 0.159150 0.160000 0.160354 0.162305 0.172083 0.172083 0.169283 0.171167 0.171208 0.166833 0.155528 0.161722 0.161583 0.158806 0.158000 0.171750 0.168250 0.169972 0.172583 0.168639 0.162250 0.157792 0.160083 0.159917 0.160611 0.163208 0.161750 0.174500 0.170805 0.176167 0.165639 0.158917 0.149708 0.151125 0.157950 0.158464 0.158598 0.163500 0.161017 0.172083 0.174417 0.172083 0.168000 0.168583 0.154750 0.118722 0.152893 0.159917 0.155000 0.155417 0.156545 0.168667 0.179583 0.174167 0.168833 0.159500 0.156250 0.149750 0.159528 0.157107 0.161167 0.158521 0.173084 0.173972 0.163805 0.160821 0.153806 0.156528 0.156250 0.158583 0.159806 0.158583
0.179310 0.178000 0.177905 0.171333 0.174643 0.165873 0.154819 0.155845 0.154875 0.155841 0.186000 0.178810 0.178105 0.178512 0.175964 0.165929 0.154143 0.155397 0.156905 0.153809 0.154018 0.182143 0.180524 0.178825 0.181857 0.171191 0.166829 0.161369 0.158476 0.156419 0.153516 0.152190 0.155040 0.180540 0.179587 0.184928 0.173571 0.167095 0.162024 0.152512 0.151552 0.150020 0.150740 0.149143 0.151590 0.180167 0.177952 0.183857 0.178714 0.178000 0.164310 0.152893 0.131968 0.148686 0.146798 0.147181 0.148652 0.177881 0.185286 0.185119 0.182667 0.168643 0.165953 0.149610 0.148492 0.146510 0.150381 0.148768 0.181405 0.183238 0.173063 0.170435 0.158302 0.153365 0.148536 0.150428 0.150397 0.150976
0.178766 0.177733 0.177867 0.171467 0.168167 0.161689 0.150320 0.150050 0.150658 0.150089 0.185600 0.177200 0.179080 0.176583 0.174683 0.163933 0.150689 0.152955 0.149233 0.149733 0.148442 0.182600 0.178200 0.181289 0.183800 0.169311 0.169773 0.161450 0.157378 0.151413 0.148633 0.149433 0.150411 0.180533 0.180178 0.186833 0.175089 0.165133 0.165400 0.154717 0.146880 0.143743 0.145061 0.144933 0.148360 0.181033 0.180067 0.183000 0.180933 0.181333 0.168833 0.159917 0.148686 0.141200 0.143817 0.144720 0.144718 0.180567 0.188467 0.184433 0.187267 0.176767 0.166867 0.156280 0.144422 0.145362 0.148200 0.146425 0.181300 0.183067 0.177889 0.174952 0.158911 0.149867 0.147350 0.143667 0.147000 0.148033
0.176667 0.172583 0.175500 0.167333 0.169167 0.160194 0.148717 0.146458 0.148542 0.148778 0.183583 0.174667 0.173917 0.175542 0.172417 0.164833 0.144861 0.149889 0.148958 0.147139 0.148062 0.177750 0.174417 0.176861 0.176584 0.169528 0.166150 0.160292 0.154806 0.148017 0.147667 0.147333 0.146833 0.179000 0.177306 0.182583 0.174055 0.164917 0.164417 0.153000 0.147267 0.142202 0.143356 0.145250 0.143383 0.179083 0.176583 0.180250 0.177250 0.180583 0.167333 0.155000 0.146798 0.143817 0.136722 0.139183 0.141840 0.175833 0.188084 0.181417 0.181250 0.168583 0.163750 0.153450 0.144750 0.141131 0.142333 0.144062 0.180083 0.179861 0.170750 0.171226 0.151861 0.147417 0.143417 0.142917 0.142028 0.144250
0.178633 0.178800 0.176733 0.168300 0.167100 0.159911 0.148240 0.146450 0.147658 0.149089 0.180133 0.178200 0.178733 0.178383 0.171283 0.161133 0.145844 0.149356 0.146700 0.147467 0.147408 0.181267 0.179000 0.178622 0.176867 0.170600 0.167053 0.161283 0.154089 0.146880 0.148122 0.146867 0.146522 0.179711 0.177511 0.186033 0.174533 0.167533 0.163467 0.154717 0.146307 0.141705 0.142212 0.144133 0.142787 0.181033 0.180333 0.183000 0.180333 0.178667 0.168167 0.155417 0.147181 0.144720 0.139183 0.136067 0.138862 0.178100 0.185933 0.182300 0.179467 0.169833 0.165667 0.152653 0.144333 0.141076 0.141033 0.140608 0.182633 0.183200 0.175755 0.172933 0.157667 0.145600 0.144550 0.142067 0.141444 0.142433
