0.128449 0.134561 0.138679 0.152745 0.173227 0.182550 0.182848 0.184605 0.184765 0.186832 0.135847 0.137003 0.140945 0.151580 0.160907 0.177460 0.180271 0.185533 0.185543 0.183745 0.186587 0.138180 0.139439 0.141623 0.148446 0.155321 0.164038 0.174697 0.180748 0.185783 0.184908 0.185243 0.186559 0.140714 0.141837 0.146187 0.151046 0.160386 0.168708 0.176359 0.185829 0.184004 0.184782 0.184332 0.186623 0.141672 0.143387 0.145792 0.146608 0.159284 0.166080 0.172490 0.182662 0.183378 0.184132 0.183725 0.184920 0.142749 0.146802 0.146849 0.152555 0.164724 0.171498 0.177299 0.183236 0.183388 0.184770 0.184819 0.147109 0.151459 0.159338 0.169685 0.176785 0.181010 0.183299 0.184523 0.185735 0.187937
0.134561 0.127844 0.134423 0.150123 0.171110 0.180558 0.180936 0.182705 0.182871 0.184939 0.135431 0.134092 0.138007 0.149030 0.158640 0.175449 0.178345 0.183632 0.183648 0.181853 0.184696 0.138227 0.138261 0.139758 0.146547 0.153298 0.162030 0.172726 0.178819 0.183886 0.183016 0.183353 0.184669 0.140012 0.140608 0.144691 0.149421 0.158591 0.166847 0.174474 0.183944 0.182118 0.182896 0.182446 0.184737 0.140998 0.142443 0.144609 0.145286 0.157739 0.164377 0.170691 0.180802 0.181502 0.182251 0.181842 0.183037 0.141890 0.145780 0.145700 0.151266 0.163191 0.169808 0.175503 0.181372 0.181515 0.182892 0.182939 0.146053 0.150305 0.157949 0.168101 0.175059 0.179173 0.181434 0.182650 0.183857 0.186057
0.138679 0.134423 0.127255 0.147980 0.170250 0.179989 0.180553 0.182349 0.182525 0.184598 0.138533 0.134774 0.136006 0.147283 0.157463 0.174842 0.177928 0.183272 0.183302 0.181513 0.184358 0.140581 0.139884 0.140392 0.146674 0.152809 0.161475 0.172223 0.178400 0.183537 0.182676 0.183018 0.184336 0.141728 0.141840 0.145518 0.149882 0.158548 0.166604 0.174159 0.183623 0.181795 0.182570 0.182120 0.184410 0.142655 0.143869 0.145773 0.146237 0.158206 0.164475 0.170566 0.180536 0.181199 0.181939 0.181525 0.182717 0.143365 0.147089 0.146851 0.152172 0.163621 0.169910 0.175375 0.181096 0.181217 0.182583 0.182625 0.147307 0.151420 0.158640 0.168412 0.175076 0.178955 0.181154 0.182351 0.183549 0.185744
0.152745 0.150123 0.147980 0.095760 0.150093 0.165138 0.168873 0.171135 0.171476 0.173622 0.152202 0.149153 0.148022 0.137569 0.135628 0.159577 0.165726 0.171992 0.172250 0.170559 0.173433 0.152963 0.152049 0.151293 0.152974 0.146604 0.149273 0.159264 0.166350 0.172452 0.171738 0.172143 0.173491 0.152960 0.152244 0.154197 0.154117 0.154442 0.158133 0.163933 0.173023 0.171117 0.171847 0.171385 0.173673 0.153370 0.154051 0.155024 0.153963 0.159915 0.160758 0.163214 0.170812 0.170849 0.171425 0.170927 0.172084 0.153438 0.156512 0.155301 0.158079 0.163794 0.165597 0.167687 0.171137 0.170928 0.172136 0.172092 0.156252 0.159203 0.161697 0.166737 0.169388 0.169856 0.171136 0.172051 0.173100 0.175231
0.173227 0.171110 0.170250 0.150093 0.107083 0.146177 0.160207 0.163805 0.164567 0.166891 0.172597 0.169968 0.169764 0.163457 0.151761 0.145335 0.156315 0.164569 0.165350 0.163884 0.166824 0.172869 0.172008 0.171210 0.172558 0.162353 0.155237 0.156008 0.159467 0.165703 0.165151 0.165665 0.167069 0.172411 0.171500 0.172959 0.170795 0.164681 0.161231 0.161427 0.167645 0.165186 0.165733 0.165217 0.167493 0.172509 0.172976 0.173537 0.171568 0.172765 0.167778 0.164531 0.167107 0.165622 0.165771 0.165063 0.166134 0.172222 0.174926 0.173038 0.173625 0.173750 0.170102 0.167059 0.166538 0.165700 0.166580 0.166351 0.174278 0.176243 0.174158 0.173988 0.171365 0.166592 0.166359 0.166767 0.167529 0.169527
0.182550 0.180558 0.179989 0.165138 0.146177 0.109521 0.149003 0.155336 0.156777 0.159366 0.181903 0.179395 0.179489 0.175052 0.166116 0.147564 0.146553 0.156227 0.157623 0.156449 0.159474 0.182042 0.181215 0.180467 0.182012 0.172544 0.164846 0.161116 0.157112 0.158745 0.157959 0.158530 0.159982 0.181462 0.180527 0.181935 0.179506 0.172133 0.165867 0.161362 0.162635 0.158928 0.159107 0.158472 0.160721 0.181455 0.181867 0.182319 0.180093 0.179753 0.172324 0.165516 0.163401 0.160143 0.159706 0.158701 0.159650 0.181052 0.183634 0.181499 0.181208 0.178837 0.172145 0.165424 0.161512 0.160054 0.160562 0.160115 0.182831 0.184380 0.180186 0.177270 0.171286 0.162558 0.161084 0.161021 0.161480 0.163330
0.182848 0.180936 0.180553 0.168873 0.160207 0.149003 0.123149 0.138460 0.141424 0.144513 0.182190 0.179762 0.180054 0.176864 0.169878 0.155672 0.140061 0.141051 0.142606 0.141784 0.144931 0.182243 0.181440 0.180733 0.182445 0.173707 0.166398 0.161830 0.152657 0.146078 0.144035 0.144422 0.145870 0.181582 0.180637 0.182027 0.179498 0.171578 0.163887 0.155977 0.151710 0.146234 0.145769 0.144883 0.147069 0.181502 0.181878 0.182261 0.179870 0.178537 0.169460 0.159904 0.153384 0.148236 0.147059 0.145631 0.146395 0.181019 0.183517 0.181210 0.180291 0.176090 0.166995 0.157066 0.149948 0.147838 0.147905 0.147180 0.182602 0.183849 0.178074 0.173001 0.164172 0.151859 0.149213 0.148656 0.148768 0.150439
0.184605 0.182705 0.182349 0.171135 0.163805 0.155336 0.138460 0.133725 0.138955 0.142610 0.183945 0.181530 0.181852 0.178851 0.172162 0.158903 0.143336 0.141884 0.141012 0.140139 0.143338 0.183985 0.183186 0.182486 0.184225 0.175611 0.168404 0.163845 0.154299 0.146406 0.143567 0.143345 0.144639 0.183312 0.182366 0.183754 0.181215 0.173232 0.165368 0.157003 0.151777 0.145924 0.145127 0.143998 0.146111 0.183221 0.183591 0.183964 0.181548 0.180067 0.170743 0.160759 0.153487 0.147982 0.146600 0.144983 0.145639 0.182726 0.185210 0.182877 0.181859 0.177368 0.167882 0.157405 0.149708 0.147453 0.147386 0.146554 0.184278 0.185477 0.179449 0.174021 0.164708 0.151753 0.148885 0.148211 0.148217 0.149825
0.184765 0.182871 0.182525 0.171476 0.164567 0.156777 0.141424 0.138955 0.132816 0.138644 0.184106 0.181695 0.182028 0.179097 0.172519 0.159673 0.144626 0.143329 0.140354 0.137307 0.140414 0.184140 0.183343 0.182646 0.184395 0.175833 0.168678 0.164173 0.154657 0.146645 0.143243 0.142015 0.142662 0.183462 0.182516 0.183904 0.181364 0.173366 0.165458 0.156965 0.151404 0.145403 0.144249 0.142689 0.144624 0.183368 0.183736 0.184105 0.181680 0.180146 0.170733 0.160592 0.153023 0.147363 0.145821 0.143976 0.144463 0.182868 0.185348 0.183003 0.181948 0.177346 0.167704 0.156997 0.149039 0.146692 0.146498 0.145543 0.184408 0.185589 0.179461 0.173891 0.164371 0.151121 0.148141 0.147379 0.147284 0.148822
0.186832 0.184939 0.184598 0.173622 0.166891 0.159366 0.144513 0.142610 0.138644 0.132759 0.186172 0.183763 0.184101 0.181202 0.174673 0.162015 0.147233 0.146080 0.143062 0.137803 0.138786 0.186205 0.185408 0.184712 0.186467 0.177928 0.170799 0.166325 0.156848 0.148861 0.145323 0.143452 0.143169 0.185525 0.184579 0.185966 0.183425 0.175423 0.167499 0.158959 0.153267 0.147224 0.145856 0.143909 0.145634 0.185428 0.185795 0.186163 0.183733 0.182176 0.172724 0.162515 0.154816 0.149085 0.147448 0.145431 0.145767 0.184926 0.187404 0.185055 0.183983 0.179329 0.169615 0.158801 0.150716 0.148314 0.148033 0.146981 0.186461 0.187633 0.181460 0.175823 0.166204 0.152807 0.149769 0.148950 0.148780 0.150265
0.135847 0.135431 0.138533 0.152202 0.172597 0.181903 0.182190 0.183945 0.184106 0.186172 0.132807 0.136185 0.140357 0.150996 0.160293 0.176815 0.179615 0.184874 0.184883 0.183085 0.185927 0.137651 0.138314 0.140789 0.147698 0.154650 0.163383 0.174044 0.180091 0.185123 0.184247 0.184582 0.185898 0.140016 0.141024 0.145412 0.150308 0.159697 0.168039 0.175697 0.185167 0.183342 0.184121 0.183672 0.185962 0.141066 0.142686 0.145053 0.145871 0.158574 0.165394 0.171817 0.181998 0.182716 0.183470 0.183063 0.184259 0.142093 0.146106 0.146136 0.151844 0.164028 0.170816 0.176628 0.182573 0.182726 0.184108 0.184158 0.146413 0.150754 0.158638 0.168996 0.176108 0.180344 0.182636 0.183861 0.185073 0.187275
0.137003 0.134092 0.134774 0.149153 0.169968 0.179395 0.179762 0.181530 0.181695 0.183763 0.136185 0.129970 0.136301 0.147852 0.157496 0.174285 0.177172 0.182457 0.182472 0.180677 0.183520 0.138159 0.137033 0.137834 0.144977 0.152015 0.160830 0.171547 0.177643 0.182710 0.181839 0.182176 0.183493 0.139230 0.139356 0.143265 0.148061 0.157344 0.165646 0.173291 0.182766 0.180941 0.181719 0.181270 0.183560 0.140240 0.141462 0.143443 0.144050 0.156509 0.163171 0.169501 0.179622 0.180324 0.181074 0.180665 0.181860 0.140987 0.144753 0.144593 0.150118 0.162009 0.168622 0.174321 0.180194 0.180337 0.181714 0.181762 0.145011 0.149215 0.156800 0.166927 0.173879 0.177994 0.180256 0.181472 0.182680 0.184880
0.140945 0.138007 0.136006 0.148022 0.169764 0.179489 0.180054 0.181852 0.182028 0.184101 0.140357 0.136301 0.126476 0.145670 0.156795 0.174327 0.177426 0.182774 0.182805 0.181016 0.183861 0.141701 0.140560 0.139452 0.145048 0.151831 0.160825 0.171675 0.177887 0.183039 0.182180 0.182521 0.183840 0.142261 0.141816 0.144981 0.149198 0.157918 0.166050 0.173643 0.183124 0.181299 0.182074 0.181624 0.183915 0.143098 0.144074 0.145692 0.145970 0.157775 0.163993 0.170074 0.180042 0.180705 0.181444 0.181030 0.182222 0.143626 0.147185 0.146808 0.152000 0.163270 0.169477 0.174904 0.180605 0.180724 0.182090 0.182131 0.147364 0.151382 0.158409 0.168050 0.174640 0.178475 0.180664 0.181858 0.183055 0.185250
0.151580 0.149030 0.147283 0.137569 0.163457 0.175052 0.176864 0.178851 0.179097 0.181202 0.150996 0.147852 0.145670 0.118391 0.146421 0.169544 0.173994 0.179743 0.179873 0.178127 0.180984 0.151761 0.150753 0.149678 0.149985 0.146114 0.155782 0.167459 0.174397 0.180079 0.179293 0.179665 0.180997 0.151771 0.150974 0.152830 0.153494 0.157050 0.163699 0.170863 0.180354 0.178522 0.179283 0.178829 0.181119 0.152262 0.152953 0.153975 0.153192 0.161090 0.164294 0.168699 0.177665 0.178072 0.178745 0.178296 0.179473 0.152407 0.155567 0.154571 0.158173 0.166021 0.169790 0.173538 0.178163 0.178129 0.179424 0.179426 0.155444 0.158746 0.162946 0.169884 0.174334 0.176459 0.178200 0.179261 0.180389 0.182555
0.160907 0.158640 0.157463 0.135628 0.151761 0.166116 0.169878 0.172162 0.172519 0.174673 0.160293 0.157496 0.156795 0.146421 0.118787 0.159922 0.166617 0.173004 0.173291 0.171612 0.174490 0.160734 0.159813 0.158892 0.159681 0.147096 0.146646 0.158922 0.166956 0.173457 0.172786 0.173204 0.174557 0.160437 0.159537 0.161025 0.159227 0.156124 0.158675 0.164674 0.174047 0.172188 0.172924 0.172464 0.174752 0.160686 0.161227 0.161934 0.160358 0.164111 0.163139 0.164718 0.171988 0.171967 0.172530 0.172025 0.173178 0.160566 0.163445 0.161920 0.163832 0.167638 0.168102 0.169361 0.172344 0.172075 0.173258 0.173201 0.163026 0.165597 0.166539 0.170101 0.171629 0.171267 0.172342 0.173200 0.174224 0.176343
0.177460 0.175449 0.174842 0.159577 0.145335 0.147564 0.155672 0.158903 0.159673 0.162015 0.176815 0.174285 0.174327 0.169544 0.159922 0.123084 0.149826 0.159473 0.160425 0.159011 0.161964 0.176976 0.176139 0.175370 0.176827 0.166864 0.158103 0.152043 0.151746 0.160494 0.160223 0.160810 0.162239 0.176416 0.175478 0.176871 0.174378 0.166813 0.160457 0.157519 0.162778 0.160378 0.160940 0.160434 0.162713 0.176432 0.176852 0.177321 0.175132 0.175030 0.168094 0.162523 0.163056 0.161045 0.161097 0.160351 0.161408 0.176053 0.178661 0.176584 0.176513 0.174842 0.169243 0.164247 0.162225 0.161171 0.161956 0.161680 0.177898 0.179562 0.176003 0.174053 0.169517 0.162794 0.162000 0.162234 0.162907 0.164867
0.180271 0.178345 0.177928 0.165726 0.156315 0.146553 0.140061 0.143336 0.144626 0.147233 0.179615 0.177172 0.177426 0.173994 0.166617 0.149826 0.123149 0.142980 0.145292 0.144305 0.147371 0.179685 0.178877 0.178159 0.179828 0.170880 0.163275 0.158149 0.147957 0.145913 0.145626 0.146421 0.147948 0.179039 0.178095 0.179483 0.176949 0.169034 0.161413 0.153935 0.151668 0.147138 0.147201 0.146565 0.148817 0.178975 0.179357 0.179753 0.177391 0.176237 0.167471 0.158527 0.153354 0.148916 0.148127 0.146980 0.147881 0.178508 0.181023 0.178753 0.177969 0.174180 0.165682 0.156672 0.150594 0.148746 0.149039 0.148475 0.180133 0.181448 0.176043 0.171510 0.163474 0.152272 0.150015 0.149662 0.149945 0.151714
0.185533 0.183632 0.183272 0.171992 0.164569 0.156227 0.141051 0.141884 0.143329 0.146080 0.184874 0.182457 0.182774 0.179743 0.173004 0.159473 0.142980 0.139992 0.143834 0.143185 0.146327 0.184916 0.184117 0.183415 0.185148 0.176506 0.169256 0.164612 0.154844 0.146602 0.144649 0.145508 0.147090 0.184245 0.183299 0.184687 0.182146 0.174160 0.166292 0.157942 0.152872 0.147139 0.146730 0.145972 0.148199 0.184156 0.184527 0.184902 0.182489 0.181031 0.171743 0.161830 0.154720 0.149319 0.148085 0.146680 0.147478 0.183663 0.186150 0.183821 0.182822 0.178386 0.168982 0.158636 0.151107 0.148927 0.148972 0.148251 0.185221 0.186429 0.180452 0.175101 0.165907 0.153141 0.150351 0.149749 0.149845 0.151514
0.185543 0.183648 0.183302 0.172250 0.165350 0.157623 0.142606 0.141012 0.140354 0.143062 0.184883 0.182472 0.182805 0.179873 0.173291 0.160425 0.145292 0.143834 0.138978 0.140029 0.143406 0.184918 0.184121 0.183423 0.185172 0.176607 0.169446 0.164924 0.155357 0.147190 0.143578 0.142935 0.144499 0.184240 0.183294 0.184682 0.182141 0.174141 0.166225 0.157716 0.152128 0.146088 0.145073 0.143865 0.146000 0.184146 0.184514 0.184883 0.182458 0.180925 0.171513 0.161373 0.153808 0.148156 0.146667 0.144958 0.145579 0.183646 0.186126 0.183782 0.182729 0.178131 0.168497 0.157807 0.149876 0.147557 0.147426 0.146547 0.185187 0.186368 0.180246 0.174684 0.165182 0.151970 0.149012 0.148285 0.148243 0.149824
0.183745 0.181853 0.181513 0.170559 0.163884 0.156449 0.141784 0.140139 0.137307 0.137803 0.183085 0.180677 0.181016 0.178127 0.171612 0.159011 0.144305 0.143185 0.140029 0.132918 0.137783 0.183117 0.182321 0.181625 0.183381 0.174849 0.167727 0.163261 0.153789 0.145787 0.142167 0.139993 0.140003 0.182436 0.181490 0.182878 0.180337 0.172332 0.164402 0.155844 0.150105 0.144038 0.142603 0.140647 0.142413 0.182339 0.182706 0.183073 0.180642 0.179078 0.169614 0.159384 0.151643 0.145891 0.144231 0.142195 0.142531 0.181836 0.184313 0.181963 0.180886 0.176217 0.166483 0.155637 0.147517 0.145105 0.144811 0.143751 0.183370 0.184539 0.178353 0.172697 0.163051 0.149615 0.146562 0.145734 0.145556 0.147037
0.186587 0.184696 0.184358 0.173433 0.166824 0.159474 0.144931 0.143338 0.140414 0.138786 0.185927 0.183520 0.183861 0.180984 0.174490 0.161964 0.147371 0.146327 0.143406 0.137783 0.132759 0.185958 0.185162 0.184467 0.186225 0.177703 0.170593 0.166143 0.156700 0.148752 0.145160 0.142948 0.141442 0.185277 0.184331 0.185719 0.183177 0.175172 0.167238 0.158669 0.152893 0.146832 0.145316 0.142991 0.144466 0.185179 0.185546 0.185912 0.183480 0.181906 0.172427 0.162171 0.154383 0.148603 0.146893 0.144724 0.144908 0.184675 0.187151 0.184799 0.183715 0.179025 0.169261 0.158370 0.150192 0.147748 0.147392 0.146250 0.186207 0.187373 0.181167 0.175483 0.165793 0.152287 0.149204 0.148337 0.148102 0.149538
0.138180 0.138227 0.140581 0.152963 0.172869 0.182042 0.182243 0.183985 0.184140 0.186205 0.137651 0.138159 0.141701 0.151761 0.160734 0.176976 0.179685 0.184916 0.184918 0.183117 0.185958 0.133118 0.138385 0.141205 0.147947 0.154889 0.163560 0.174168 0.180165 0.185160 0.184279 0.184612 0.185927 0.138294 0.140449 0.145157 0.150149 0.159659 0.168050 0.175725 0.185192 0.183367 0.184146 0.183697 0.185988 0.139382 0.141489 0.144282 0.145293 0.158241 0.165227 0.171751 0.181995 0.182730 0.183489 0.183085 0.184281 0.140739 0.145035 0.145271 0.151166 0.163651 0.170621 0.176553 0.182574 0.182737 0.184124 0.184177 0.145392 0.149880 0.158074 0.168672 0.175952 0.180313 0.182638 0.183873 0.185090 0.187294
0.139439 0.138261 0.139884 0.152049 0.172008 0.181215 0.181440 0.183186 0.183343 0.185408 0.138314 0.137033 0.140560 0.150753 0.159813 0.176139 0.178877 0.184117 0.184121 0.182321 0.185162 0.138385 0.134349 0.139510 0.146697 0.153911 0.162681 0.173331 0.179352 0.184362 0.183483 0.183817 0.185132 0.138834 0.139315 0.144096 0.149188 0.158809 0.167235 0.174922 0.184397 0.182573 0.183352 0.182903 0.185193 0.140230 0.141487 0.143749 0.144638 0.157524 0.164478 0.170980 0.181209 0.181940 0.182697 0.182292 0.183488 0.141077 0.144953 0.144946 0.150706 0.163021 0.169910 0.175795 0.181788 0.181948 0.183333 0.183385 0.145274 0.149603 0.157573 0.168032 0.175232 0.179540 0.181852 0.183083 0.184299 0.186502
0.141623 0.139758 0.140392 0.151293 0.171210 0.180467 0.180733 0.182486 0.182646 0.184712 0.140789 0.137834 0.139452 0.149678 0.158892 0.175370 0.178159 0.183415 0.183423 0.181625 0.184467 0.141205 0.139510 0.134917 0.144401 0.152711 0.161791 0.172548 0.178622 0.183662 0.182787 0.183122 0.184438 0.141048 0.139769 0.142796 0.148035 0.157947 0.166480 0.174205 0.183702 0.181881 0.182660 0.182211 0.184502 0.141844 0.142539 0.143934 0.144306 0.156971 0.163859 0.170326 0.180530 0.181254 0.182009 0.181603 0.182798 0.142215 0.145651 0.145263 0.150721 0.162661 0.169380 0.175173 0.181112 0.181265 0.182647 0.182697 0.145866 0.149951 0.157479 0.167650 0.174686 0.178890 0.181176 0.182401 0.183613 0.185814
0.148446 0.146547 0.146674 0.152974 0.172558 0.182012 0.182445 0.184225 0.184395 0.186467 0.147698 0.144977 0.145048 0.149985 0.159681 0.176827 0.179828 0.185148 0.185172 0.183381 0.186225 0.147947 0.146697 0.144401 0.134476 0.151832 0.162695 0.173949 0.180241 0.185402 0.184542 0.184883 0.186201 0.147518 0.146146 0.146724 0.149376 0.159254 0.168046 0.175890 0.185464 0.183652 0.184431 0.183982 0.186273 0.147984 0.148467 0.149183 0.148617 0.159719 0.166032 0.172277 0.182357 0.183049 0.183795 0.183384 0.184578 0.148050 0.151152 0.150312 0.155024 0.165719 0.171790 0.177219 0.182947 0.183072 0.184441 0.184484 0.151184 0.154889 0.161281 0.170551 0.177008 0.180820 0.183011 0.184208 0.185407 0.187603
0.155321 0.153298 0.152809 0.146604 0.162353 0.172544 0.173707 0.175611 0.175833 0.177928 0.154650 0.152015 0.151831 0.146114 0.147096 0.166864 0.170880 0.176506 0.176607 0.174849 0.177703 0.154889 0.153911 0.152711 0.151832 0.120597 0.148512 0.163403 0.170979 0.176788 0.176006 0.176376 0.177706 0.154410 0.153297 0.154184 0.150060 0.148920 0.158427 0.166934 0.176945 0.175191 0.175972 0.175525 0.177816 0.154625 0.155071 0.155601 0.153807 0.158156 0.159985 0.164753 0.174168 0.174705 0.175411 0.174977 0.176159 0.154452 0.157283 0.155775 0.158134 0.163714 0.166549 0.170129 0.174803 0.174787 0.176094 0.176104 0.156922 0.159690 0.162001 0.167493 0.171246 0.173142 0.174862 0.175926 0.177062 0.179232
0.164038 0.162030 0.161475 0.149273 0.155237 0.164846 0.166398 0.168404 0.168678 0.170799 0.163383 0.160830 0.160825 0.155782 0.146646 0.158103 0.163275 0.169256 0.169446 0.167727 0.170593 0.163560 0.162681 0.161791 0.162695 0.148512 0.121068 0.151490 0.162471 0.169522 0.168870 0.169280 0.170627 0.163016 0.162015 0.163211 0.159825 0.149504 0.149332 0.158740 0.169733 0.168131 0.168930 0.168490 0.170782 0.163090 0.163512 0.163979 0.161813 0.162216 0.158211 0.159215 0.167455 0.167796 0.168462 0.168002 0.169173 0.162772 0.165445 0.163539 0.164241 0.165337 0.164188 0.165034 0.168180 0.167971 0.169198 0.169167 0.164819 0.166887 0.165721 0.167411 0.167875 0.167171 0.168236 0.169119 0.170170 0.172305
0.174697 0.172726 0.172223 0.159264 0.156008 0.161116 0.161830 0.163845 0.164173 0.166325 0.174044 0.171547 0.171675 0.167459 0.158922 0.152043 0.158149 0.164612 0.164924 0.163261 0.166143 0.174168 0.173331 0.172548 0.173949 0.163403 0.151490 0.128089 0.153968 0.164688 0.164354 0.164841 0.166217 0.173573 0.172610 0.173931 0.171078 0.161944 0.152344 0.152417 0.164940 0.163704 0.164561 0.164141 0.166438 0.173571 0.173974 0.174406 0.172123 0.171468 0.163915 0.159317 0.163830 0.163643 0.164237 0.163744 0.164899 0.173173 0.175760 0.173650 0.173507 0.171833 0.166962 0.163989 0.164506 0.163966 0.165063 0.164968 0.174987 0.176645 0.173214 0.171834 0.168740 0.164456 0.164527 0.165125 0.166043 0.168124
0.180748 0.178819 0.178400 0.166350 0.159467 0.157112 0.152657 0.154299 0.154657 0.156848 0.180091 0.177643 0.177887 0.174397 0.166956 0.151746 0.147957 0.154844 0.155357 0.153789 0.156700 0.180165 0.179352 0.178622 0.180241 0.170979 0.162471 0.153968 0.125366 0.153808 0.154699 0.155394 0.156837 0.179524 0.178573 0.179940 0.177299 0.168930 0.160213 0.150675 0.154889 0.154233 0.155231 0.154864 0.157174 0.179468 0.179852 0.180249 0.177885 0.176710 0.167930 0.159374 0.157214 0.154899 0.155214 0.154638 0.155765 0.179011 0.181536 0.179289 0.178606 0.175182 0.167446 0.160165 0.156522 0.155350 0.156191 0.155972 0.180665 0.182042 0.177026 0.173217 0.166576 0.157729 0.156363 0.156496 0.157178 0.159160
0.185783 0.183886 0.183537 0.172452 0.165703 0.158745 0.146078 0.146406 0.146645 0.148861 0.185123 0.182710 0.183039 0.180079 0.173457 0.160494 0.145913 0.146602 0.147190 0.145787 0.148752 0.185160 0.184362 0.183662 0.185402 0.176788 0.169522 0.164688 0.153808 0.137947 0.145890 0.147351 0.148982 0.184484 0.183538 0.184923 0.182370 0.174322 0.166287 0.157489 0.151655 0.146402 0.147463 0.147208 0.149549 0.184392 0.184761 0.185132 0.182709 0.181187 0.171789 0.161690 0.154363 0.149018 0.148229 0.147355 0.148401 0.183895 0.186377 0.184039 0.183008 0.178485 0.168982 0.158558 0.151064 0.149035 0.149356 0.148882 0.185443 0.186637 0.180591 0.175163 0.165917 0.153198 0.150474 0.150021 0.150318 0.152122
0.184908 0.183016 0.182676 0.171738 0.165151 0.157959 0.144035 0.143567 0.143243 0.145323 0.184247 0.181839 0.182180 0.179293 0.172786 0.160223 0.145626 0.144649 0.143578 0.142167 0.145160 0.184279 0.183483 0.182787 0.184542 0.176006 0.168870 0.164354 0.154699 0.145890 0.139989 0.143393 0.145364 0.183598 0.182652 0.184039 0.181495 0.173476 0.165507 0.156841 0.150836 0.144430 0.143948 0.143729 0.146109 0.183501 0.183868 0.184235 0.181803 0.180233 0.170756 0.160495 0.152692 0.146928 0.145561 0.144239 0.145177 0.182998 0.185475 0.183125 0.182048 0.177381 0.167655 0.156840 0.148803 0.146527 0.146552 0.145871 0.184532 0.185702 0.179521 0.173880 0.164282 0.150981 0.148016 0.147363 0.147454 0.149140
0.185243 0.183353 0.183018 0.172143 0.165665 0.158530 0.144422 0.143345 0.142015 0.143452 0.184582 0.182176 0.182521 0.179665 0.173204 0.160810 0.146421 0.145508 0.142935 0.139993 0.142948 0.184612 0.183817 0.183122 0.184883 0.176376 0.169280 0.164841 0.155394 0.147351 0.143393 0.138890 0.142774 0.183929 0.182983 0.184371 0.181828 0.173817 0.165864 0.157240 0.151314 0.145134 0.143319 0.141692 0.144083 0.183830 0.184196 0.184561 0.182126 0.180536 0.171029 0.160720 0.152826 0.146989 0.145242 0.143216 0.143725 0.183325 0.185800 0.183445 0.182350 0.177627 0.167819 0.156864 0.148622 0.146176 0.145873 0.144852 0.184853 0.186014 0.179780 0.174056 0.164315 0.150750 0.147653 0.146812 0.146643 0.148144
0.186559 0.184669 0.184336 0.173491 0.167069 0.159982 0.145870 0.144639 0.142662 0.143169 0.185898 0.183493 0.183840 0.180997 0.174557 0.162239 0.147948 0.147090 0.144499 0.140003 0.141442 0.185927 0.185132 0.184438 0.186201 0.177706 0.170627 0.166217 0.156837 0.148982 0.145364 0.142774 0.138527 0.185243 0.184297 0.185685 0.183143 0.175134 0.167187 0.158577 0.152682 0.146607 0.144863 0.141792 0.142725 0.185143 0.185509 0.185873 0.183437 0.181838 0.172317 0.161988 0.154062 0.148207 0.146374 0.143919 0.143799 0.184637 0.187111 0.184754 0.183651 0.178904 0.169059 0.158045 0.149717 0.147198 0.146704 0.145391 0.186163 0.187319 0.181062 0.175302 0.165498 0.151813 0.148653 0.147700 0.147343 0.148685
0.140714 0.140012 0.141728 0.152960 0.172411 0.181462 0.181582 0.183312 0.183462 0.185525 0.140016 0.139230 0.142261 0.151771 0.160437 0.176416 0.179039 0.184245 0.184240 0.182436 0.185277 0.138294 0.138834 0.141048 0.147518 0.154410 0.163016 0.173573 0.179524 0.184484 0.183598 0.183929 0.185243 0.133908 0.139006 0.144186 0.149282 0.158911 0.167349 0.175041 0.184504 0.182679 0.183459 0.183010 0.185301 0.137614 0.139401 0.142766 0.144014 0.157213 0.164359 0.170977 0.181282 0.182033 0.182796 0.182394 0.183591 0.139004 0.143346 0.143749 0.149820 0.162587 0.169729 0.175772 0.181864 0.182037 0.183429 0.183484 0.143786 0.148376 0.156842 0.167660 0.175096 0.179574 0.181929 0.183173 0.184394 0.186600
0.141837 0.140608 0.141840 0.152244 0.171500 0.180527 0.180637 0.182366 0.182516 0.184579 0.141024 0.139356 0.141816 0.150974 0.159537 0.175478 0.178095 0.183299 0.183294 0.181490 0.184331 0.140449 0.139315 0.139769 0.146146 0.153297 0.162015 0.172610 0.178573 0.183538 0.182652 0.182983 0.184297 0.139006 0.134762 0.142257 0.147792 0.157797 0.166348 0.174078 0.183555 0.181732 0.182512 0.182064 0.184354 0.139741 0.139843 0.141507 0.142789 0.156132 0.163361 0.170012 0.180331 0.181086 0.181849 0.181447 0.182645 0.139925 0.143325 0.143163 0.149064 0.161691 0.168795 0.174829 0.180917 0.181091 0.182482 0.182538 0.143673 0.147941 0.156102 0.166787 0.174173 0.178632 0.180983 0.182226 0.183448 0.185654
0.146187 0.144691 0.145518 0.154197 0.172959 0.181935 0.182027 0.183754 0.183904 0.185966 0.145412 0.143265 0.144981 0.152830 0.161025 0.176871 0.179483 0.184687 0.184682 0.182878 0.185719 0.145157 0.144096 0.142796 0.146724 0.154184 0.163211 0.173931 0.179940 0.184923 0.184039 0.184371 0.185685 0.144186 0.142257 0.139518 0.147169 0.158625 0.167561 0.175412 0.184934 0.183118 0.183900 0.183452 0.185742 0.144392 0.144547 0.144484 0.143791 0.157181 0.164614 0.171356 0.181711 0.182472 0.183237 0.182836 0.184033 0.144183 0.147008 0.146037 0.151276 0.163319 0.170263 0.176243 0.182310 0.182481 0.183872 0.183926 0.147065 0.150865 0.158214 0.168463 0.175665 0.180042 0.182378 0.183617 0.184838 0.187043
0.151046 0.149421 0.149882 0.154117 0.170795 0.179506 0.179498 0.181215 0.181364 0.183425 0.150308 0.148061 0.149198 0.153494 0.159227 0.174378 0.176949 0.182146 0.182141 0.180337 0.183177 0.150149 0.149188 0.148035 0.149376 0.150060 0.159825 0.171078 0.177299 0.182370 0.181495 0.181828 0.183143 0.149282 0.147792 0.147169 0.130160 0.152791 0.164081 0.172592 0.182351 0.180568 0.181356 0.180911 0.183202 0.149344 0.149570 0.149599 0.146755 0.153432 0.161399 0.168574 0.179119 0.179922 0.180695 0.180296 0.181494 0.148997 0.151649 0.150028 0.153196 0.162052 0.168115 0.173822 0.179787 0.179948 0.181335 0.181389 0.151341 0.154392 0.158971 0.167294 0.173622 0.177605 0.179865 0.181088 0.182302 0.184506
0.160386 0.158591 0.158548 0.154442 0.164681 0.172133 0.171578 0.173232 0.173366 0.175423 0.159697 0.157344 0.157918 0.157050 0.156124 0.166813 0.169034 0.174160 0.174141 0.172332 0.175172 0.159659 0.158809 0.157947 0.159254 0.148920 0.149504 0.161944 0.168930 0.174322 0.173476 0.173817 0.175134 0.158911 0.157797 0.158625 0.152791 0.123266 0.151176 0.163274 0.174144 0.172512 0.173333 0.172897 0.175191 0.158858 0.159174 0.159412 0.156587 0.152843 0.151289 0.159476 0.170854 0.171851 0.172667 0.172282 0.173483 0.158398 0.160918 0.158757 0.158811 0.159978 0.161760 0.166240 0.171822 0.171951 0.173331 0.173383 0.160194 0.162105 0.161017 0.164173 0.167452 0.169963 0.171943 0.173108 0.174304 0.176502
0.168708 0.166847 0.166604 0.158133 0.161231 0.165867 0.163887 0.165368 0.165458 0.167499 0.168039 0.165646 0.166050 0.163699 0.158675 0.160457 0.161413 0.166292 0.166225 0.164402 0.167238 0.168050 0.167235 0.166480 0.168046 0.158427 0.149332 0.152344 0.160213 0.166287 0.165507 0.165864 0.167187 0.167349 0.166348 0.167561 0.164081 0.151176 0.123048 0.151116 0.165624 0.164432 0.165342 0.164935 0.167234 0.167268 0.167619 0.167944 0.165363 0.162664 0.151414 0.149761 0.162269 0.163730 0.164658 0.164311 0.165524 0.166782 0.169275 0.166987 0.166252 0.163272 0.158996 0.159560 0.163972 0.164013 0.165381 0.165429 0.168412 0.169863 0.165729 0.164491 0.163399 0.162844 0.164182 0.165211 0.166367 0.168554
0.176359 0.174474 0.174159 0.163933 0.161427 0.161362 0.155977 0.157003 0.156965 0.158959 0.175697 0.173291 0.173643 0.170863 0.164674 0.157519 0.153935 0.157942 0.157716 0.155844 0.158669 0.175725 0.174922 0.174205 0.175890 0.166934 0.158740 0.152417 0.150675 0.157489 0.156841 0.157240 0.158577 0.175041 0.174078 0.175412 0.172592 0.163274 0.151116 0.123109 0.154942 0.155405 0.156599 0.156275 0.158593 0.174951 0.175314 0.175671 0.173196 0.171277 0.160974 0.149561 0.152567 0.154652 0.155865 0.155623 0.156871 0.174457 0.176942 0.174617 0.173663 0.169524 0.161331 0.155616 0.155713 0.155422 0.156747 0.156790 0.176028 0.177300 0.171858 0.167886 0.162194 0.156205 0.156036 0.156719 0.157769 0.159929
0.185829 0.183944 0.183623 0.173023 0.167645 0.162635 0.151710 0.151777 0.151404 0.153267 0.185167 0.182766 0.183124 0.180354 0.174047 0.162778 0.151668 0.152872 0.152128 0.150105 0.152893 0.185192 0.184397 0.183702 0.185464 0.176945 0.169733 0.164940 0.154889 0.151655 0.150836 0.151314 0.152682 0.184504 0.183555 0.184934 0.182351 0.174144 0.165624 0.154942 0.139788 0.148148 0.150314 0.150232 0.152602 0.184401 0.184765 0.185125 0.182674 0.180977 0.171241 0.160438 0.152027 0.148017 0.149508 0.149502 0.150835 0.183893 0.186364 0.184002 0.182886 0.178122 0.168346 0.157761 0.150873 0.149575 0.150750 0.150777 0.185415 0.186572 0.180349 0.174743 0.165474 0.153277 0.150940 0.151002 0.151842 0.153945
0.184004 0.182118 0.181795 0.171117 0.165186 0.158928 0.146234 0.145924 0.145403 0.147224 0.183342 0.180941 0.181299 0.178522 0.172188 0.160378 0.147138 0.147139 0.146088 0.144038 0.146832 0.183367 0.182573 0.181881 0.183652 0.175191 0.168131 0.163704 0.154233 0.146402 0.144430 0.145134 0.146607 0.182679 0.181732 0.183118 0.180568 0.172512 0.164432 0.155405 0.148148 0.139846 0.143886 0.144166 0.146604 0.182575 0.182939 0.183300 0.180854 0.179196 0.169563 0.158992 0.150499 0.144365 0.143759 0.143639 0.144981 0.182065 0.184535 0.182169 0.181036 0.176202 0.166248 0.155116 0.146819 0.144757 0.145319 0.145131 0.183582 0.184725 0.178402 0.172570 0.162743 0.149265 0.146323 0.145927 0.146405 0.148351
0.184782 0.182896 0.182570 0.171847 0.165733 0.159107 0.145769 0.145127 0.144249 0.145856 0.184121 0.181719 0.182074 0.179283 0.172924 0.160940 0.147201 0.146730 0.145073 0.142603 0.145316 0.184146 0.183352 0.182660 0.184431 0.175972 0.168930 0.164561 0.155231 0.147463 0.143948 0.143319 0.144863 0.183459 0.182512 0.183900 0.181356 0.173333 0.165342 0.156599 0.150314 0.143886 0.139798 0.142042 0.144774 0.183356 0.183720 0.184082 0.181639 0.179999 0.170408 0.159944 0.151725 0.145691 0.143602 0.141994 0.143358 0.182846 0.185317 0.182952 0.181822 0.176995 0.167039 0.155865 0.147372 0.144858 0.144642 0.143931 0.184364 0.185507 0.179181 0.173325 0.163396 0.149582 0.146407 0.145596 0.145574 0.147237
0.184332 0.182446 0.182120 0.171385 0.165217 0.158472 0.144883 0.143998 0.142689 0.143909 0.183672 0.181270 0.181624 0.178829 0.172464 0.160434 0.146565 0.145972 0.143865 0.140647 0.142991 0.183697 0.182903 0.182211 0.183982 0.175525 0.168490 0.164141 0.154864 0.147208 0.143729 0.141692 0.141792 0.183010 0.182064 0.183452 0.180911 0.172897 0.164935 0.156275 0.150232 0.144166 0.142042 0.136485 0.140883 0.182907 0.183271 0.183634 0.181191 0.179557 0.169979 0.159550 0.151435 0.145472 0.143427 0.140401 0.140315 0.182398 0.184868 0.182504 0.181374 0.176548 0.166590 0.155402 0.146858 0.144224 0.143514 0.142031 0.183915 0.185058 0.178729 0.172862 0.162895 0.148952 0.145682 0.144605 0.144099 0.145353
0.186623 0.184737 0.184410 0.173673 0.167493 0.160721 0.147069 0.146111 0.144624 0.145634 0.185962 0.183560 0.183915 0.181119 0.174752 0.162713 0.148817 0.148199 0.146000 0.142413 0.144466 0.185988 0.185193 0.184502 0.186273 0.177816 0.170782 0.166438 0.157174 0.149549 0.146109 0.144083 0.142725 0.185301 0.184354 0.185742 0.183202 0.175191 0.167234 0.158593 0.152602 0.146604 0.144774 0.140883 0.135519 0.185198 0.185562 0.185924 0.183482 0.181849 0.172273 0.161853 0.153763 0.147819 0.145814 0.142799 0.141254 0.184688 0.187159 0.184795 0.183665 0.178838 0.168880 0.157689 0.149134 0.146477 0.145666 0.143809 0.186206 0.187349 0.181019 0.175149 0.165172 0.151197 0.147903 0.146750 0.146052 0.147092
0.141672 0.140998 0.142655 0.153370 0.172509 0.181455 0.181502 0.183221 0.183368 0.185428 0.141066 0.140240 0.143098 0.152262 0.160686 0.176432 0.178975 0.184156 0.184146 0.182339 0.185179 0.139382 0.140230 0.141844 0.147984 0.154625 0.163090 0.173571 0.179468 0.184392 0.183501 0.183830 0.185143 0.137614 0.139741 0.144392 0.149344 0.158858 0.167268 0.174951 0.184401 0.182575 0.183356 0.182907 0.185198 0.131738 0.138278 0.142182 0.143536 0.156866 0.164114 0.170802 0.181156 0.181921 0.182687 0.182287 0.183485 0.136007 0.141703 0.142611 0.148952 0.162083 0.169415 0.175575 0.181738 0.181921 0.183318 0.183375 0.142143 0.147107 0.156063 0.167189 0.174811 0.179417 0.181804 0.183057 0.184283 0.186491
0.143387 0.142443 0.143869 0.154051 0.172976 0.181867 0.181878 0.183591 0.183736 0.185795 0.142686 0.141462 0.144074 0.152953 0.161227 0.176852 0.179357 0.184527 0.184514 0.182706 0.185546 0.141489 0.141487 0.142539 0.148467 0.155071 0.163512 0.173974 0.179852 0.184761 0.183868 0.184196 0.185509 0.139401 0.139843 0.144547 0.149570 0.159174 0.167619 0.175314 0.184765 0.182939 0.183720 0.183271 0.185562 0.138278 0.135450 0.141723 0.143496 0.157044 0.164389 0.171126 0.181508 0.182280 0.183048 0.182650 0.183848 0.137851 0.141723 0.142624 0.149039 0.162288 0.169692 0.175899 0.182092 0.182280 0.183678 0.183737 0.142508 0.147284 0.156240 0.167427 0.175106 0.179760 0.182159 0.183416 0.184644 0.186852
0.145792 0.144609 0.145773 0.155024 0.173537 0.182319 0.182261 0.183964 0.184105 0.186163 0.145053 0.143443 0.145692 0.153975 0.161934 0.177321 0.179753 0.184902 0.184883 0.183073 0.185912 0.144282 0.143749 0.143934 0.149183 0.155601 0.163979 0.174406 0.180249 0.185132 0.184235 0.184561 0.185873 0.142766 0.141507 0.144484 0.149599 0.159412 0.167944 0.175671 0.185125 0.183300 0.184082 0.183634 0.185924 0.142182 0.141723 0.138460 0.142571 0.156952 0.164558 0.171405 0.181847 0.182634 0.183405 0.183008 0.184208 0.141308 0.143351 0.142440 0.148907 0.162357 0.169892 0.176187 0.182436 0.182632 0.184034 0.184094 0.143626 0.147652 0.156356 0.167583 0.175347 0.180083 0.182504 0.183767 0.184999 0.187209
0.146608 0.145286 0.146237 0.153963 0.171568 0.180093 0.179870 0.181548 0.181680 0.183733 0.145871 0.144050 0.145970 0.153192 0.160358 0.175132 0.177391 0.182489 0.182458 0.180642 0.183480 0.145293 0.144638 0.144306 0.148617 0.153807 0.161813 0.172123 0.177885 0.182709 0.181803 0.182126 0.183437 0.144014 0.142789 0.143791 0.146755 0.156587 0.165363 0.173196 0.182674 0.180854 0.181639 0.181191 0.183482 0.143536 0.143496 0.142571 0.130438 0.152460 0.161480 0.168728 0.179343 0.180169 0.180951 0.180559 0.181760 0.142650 0.144671 0.141727 0.145941 0.159281 0.167084 0.173576 0.179951 0.180165 0.181576 0.181641 0.143978 0.146935 0.153984 0.164852 0.172679 0.177559 0.180024 0.181302 0.182541 0.184755
0.159284 0.157739 0.158206 0.159915 0.172765 0.179753 0.178537 0.180067 0.180146 0.182176 0.158574 0.156509 0.157775 0.161090 0.164111 0.175030 0.176237 0.181031 0.180925 0.179078 0.181906 0.158241 0.157524 0.156971 0.159719 0.158156 0.162216 0.171468 0.176710 0.181187 0.180233 0.180536 0.181838 0.157213 0.156132 0.157181 0.153432 0.152843 0.162664 0.171277 0.180977 0.179196 0.179999 0.179557 0.181849 0.156866 0.157044 0.156952 0.152460 0.128261 0.154409 0.165381 0.177298 0.178399 0.179244 0.178881 0.180094 0.156092 0.158265 0.155319 0.152494 0.154677 0.163375 0.170972 0.178075 0.178393 0.179853 0.179945 0.157182 0.158444 0.156862 0.162852 0.170088 0.175507 0.178185 0.179538 0.180820 0.183053
0.166080 0.164377 0.164475 0.160758 0.167778 0.172324 0.169460 0.170743 0.170733 0.172724 0.165394 0.163171 0.163993 0.164294 0.163139 0.168094 0.167471 0.171743 0.171513 0.169614 0.172427 0.165227 0.164478 0.163859 0.166032 0.159985 0.158211 0.163915 0.167930 0.171789 0.170756 0.171029 0.172317 0.164359 0.163361 0.164614 0.161399 0.151289 0.151414 0.160974 0.171241 0.169563 0.170408 0.169979 0.172273 0.164114 0.164389 0.164558 0.161480 0.154409 0.124221 0.151133 0.166814 0.168564 0.169541 0.169233 0.170467 0.163448 0.165748 0.163042 0.160670 0.152850 0.151324 0.159916 0.168119 0.168600 0.170137 0.170271 0.164641 0.165495 0.158896 0.157521 0.160486 0.165511 0.168334 0.169771 0.171111 0.173372
0.172490 0.170691 0.170566 0.163214 0.164531 0.165516 0.159904 0.160759 0.160592 0.162515 0.171817 0.169501 0.170074 0.168699 0.164718 0.162523 0.158527 0.161830 0.161373 0.159384 0.162171 0.171751 0.170980 0.170326 0.172277 0.164753 0.159215 0.159317 0.159374 0.161690 0.160495 0.160720 0.161988 0.170977 0.170012 0.171356 0.168574 0.159476 0.149761 0.149561 0.160438 0.158992 0.159944 0.159550 0.161853 0.170802 0.171126 0.171405 0.168728 0.165381 0.151133 0.120775 0.153627 0.157538 0.158874 0.158687 0.159963 0.170213 0.172599 0.170062 0.168299 0.161604 0.149749 0.147973 0.157123 0.157840 0.159498 0.159698 0.171550 0.172466 0.165258 0.159591 0.155096 0.155346 0.157668 0.159100 0.160495 0.162791
0.182662 0.180802 0.180536 0.170812 0.167107 0.163401 0.153384 0.153487 0.153023 0.154816 0.181998 0.179622 0.180042 0.177665 0.171988 0.163056 0.153354 0.154720 0.153808 0.151643 0.154383 0.181995 0.181209 0.180530 0.182357 0.174168 0.167455 0.163830 0.157214 0.154363 0.152692 0.152826 0.154062 0.181282 0.180331 0.181711 0.179119 0.170854 0.162269 0.152567 0.152027 0.150499 0.151725 0.151435 0.153763 0.181156 0.181508 0.181847 0.179343 0.177298 0.166814 0.153627 0.133207 0.147557 0.150196 0.150355 0.151733 0.180622 0.183065 0.180646 0.179317 0.173892 0.163104 0.151036 0.148619 0.149227 0.151071 0.151376 0.182079 0.183137 0.176407 0.170205 0.160727 0.150796 0.149914 0.150818 0.152158 0.154476
0.183378 0.181502 0.181199 0.170849 0.165622 0.160143 0.148236 0.147982 0.147363 0.149085 0.182716 0.180324 0.180705 0.178072 0.171967 0.161045 0.148916 0.149319 0.148156 0.145891 0.148603 0.182730 0.181940 0.181254 0.183049 0.174705 0.167796 0.163643 0.154899 0.149018 0.146928 0.146989 0.148207 0.182033 0.181086 0.182472 0.179922 0.171851 0.163730 0.154652 0.148017 0.144365 0.145691 0.145472 0.147819 0.181921 0.182280 0.182634 0.180169 0.178399 0.168564 0.157538 0.147557 0.139553 0.143782 0.144262 0.145719 0.181401 0.183860 0.181473 0.180260 0.175184 0.164873 0.153151 0.144204 0.143101 0.144980 0.145334 0.182893 0.183996 0.177464 0.171340 0.161149 0.147454 0.144684 0.144955 0.146153 0.148451
0.184132 0.182251 0.181939 0.171425 0.165771 0.159706 0.147059 0.146600 0.145821 0.147448 0.183470 0.181074 0.181444 0.178745 0.172530 0.161097 0.148127 0.148085 0.146667 0.144231 0.146893 0.183489 0.182697 0.182009 0.183795 0.175411 0.168462 0.164237 0.155214 0.148229 0.145561 0.145242 0.146374 0.182796 0.181849 0.183237 0.180695 0.172667 0.164658 0.155865 0.149508 0.143759 0.143602 0.143427 0.145814 0.182687 0.183048 0.183405 0.180951 0.179244 0.169541 0.158874 0.150196 0.143782 0.139471 0.141805 0.143583 0.182171 0.184635 0.182256 0.181075 0.176092 0.165911 0.154377 0.145392 0.142575 0.142913 0.143237 0.183673 0.184790 0.178322 0.172258 0.162015 0.147739 0.144407 0.143779 0.144317 0.146447
0.183725 0.181842 0.181525 0.170927 0.165063 0.158701 0.145631 0.144983 0.143976 0.145431 0.183063 0.180665 0.181030 0.178296 0.172025 0.160351 0.146980 0.146680 0.144958 0.142195 0.144724 0.183085 0.182292 0.181603 0.183384 0.174977 0.168002 0.163744 0.154638 0.147355 0.144239 0.143216 0.143919 0.182394 0.181447 0.182836 0.180296 0.172282 0.164311 0.155623 0.149502 0.143639 0.141994 0.140401 0.142799 0.182287 0.182650 0.183008 0.180559 0.178881 0.169233 0.158687 0.150355 0.144262 0.141805 0.136316 0.140018 0.181774 0.184240 0.181866 0.180702 0.175772 0.165666 0.154244 0.145389 0.142538 0.141331 0.140112 0.183280 0.184406 0.177982 0.171972 0.161778 0.147455 0.144012 0.142741 0.142178 0.143636
