0.141852 0.147321 0.147667  0.15259  0.18782 0.190276 0.190732 0.193081  0.14625 0.151374 0.154248  0.18961 0.188649 0.189722 0.190543 0.191442 0.151342 0.151658 0.153716 0.155652 0.174928 0.187681 0.190094 0.191115 0.190437 0.190574 0.150715  0.15376 0.154707 0.157948 0.184215 0.191558 0.191232 0.189621 0.188306 0.152849 0.153795 0.155708 0.155975 0.181249 0.188715 0.190315 0.190786 0.188855  0.15564 0.157183 0.156883 0.160251 0.167173 0.192025   0.1909 0.192114 0.188174 0.157784 0.156589 0.157407 0.158127 0.193778  0.19015 0.191375 0.192162 0.190706 0.157243 0.155869 0.158363 0.161228 0.165783 0.188562 0.192907 0.193708 0.191219
0.147321 0.146366 0.147177  0.15221 0.187608 0.190078 0.190536 0.192885  0.14708 0.150939 0.153893 0.189411 0.188451 0.189525 0.190346 0.191246 0.151611 0.151738 0.153484   0.1554   0.1747 0.187476 0.189897 0.190918 0.190241 0.190378 0.150751 0.153682  0.15454 0.157755 0.184014 0.191362 0.191037 0.189425 0.188111  0.15284 0.153732 0.155612 0.155834 0.181059 0.188526  0.19012 0.190591  0.18866 0.155569 0.157096 0.156779 0.160129 0.167032 0.191831 0.190706  0.19192  0.18798 0.157705 0.156503  0.15731 0.158014 0.193594 0.189958 0.191181 0.191968 0.190512 0.157157 0.155776 0.158262 0.161114  0.16566  0.18837 0.192713 0.193513 0.191024
0.147667 0.147177 0.137436 0.144998 0.182682 0.185321 0.185784 0.188138 0.146584 0.146365 0.147632 0.184633 0.183691 0.184773   0.1856 0.186501  0.14947 0.149241 0.149047 0.150286 0.169608  0.18263 0.185137 0.186167 0.185495 0.185636 0.147809 0.150162 0.150363 0.153213 0.179219 0.186618 0.186297 0.184689 0.183374 0.149673 0.150261 0.151928 0.151796 0.176388 0.183856 0.185389 0.185861 0.183928 0.152031  0.15345 0.153018 0.156208 0.162913 0.187112  0.18598 0.187192  0.18325 0.154109 0.152858 0.153594 0.154168 0.188984 0.185261 0.186461 0.187244 0.185786 0.153513 0.152085  0.15451 0.157249 0.161704 0.183666 0.187992  0.18879 0.186299
 0.15259  0.15221 0.144998 0.137317  0.18286 0.185887 0.186365 0.188729 0.151252  0.15098  0.14891 0.185153 0.184251 0.185351 0.186193 0.187096  0.15332  0.15301 0.151676  0.15133 0.169492 0.183006 0.185698 0.186749 0.186086 0.186238 0.151209 0.153131 0.152681 0.154797 0.179725 0.187215 0.186904 0.185302 0.183987 0.152898 0.153219 0.154671 0.154113 0.177179 0.184623 0.186015  0.18649 0.184553 0.154892 0.156198 0.155631 0.158577 0.164876 0.187765 0.186618 0.187826  0.18388 0.156901 0.155597 0.156247 0.156637 0.189875 0.185961  0.18711 0.187886 0.186424 0.156251 0.154765 0.157111 0.159675 0.163953  0.18435 0.188641 0.189432 0.186938
 0.18782 0.187608 0.182682  0.18286 0.108422 0.160341  0.16173 0.164666 0.186113 0.186775 0.185976  0.15713 0.158529  0.16059  0.16222  0.16325 0.186932 0.186591 0.185602 0.185008 0.175071 0.160949 0.160684 0.162358   0.1621  0.16279 0.184059 0.185233 0.184907 0.185789 0.168065 0.163995 0.163867 0.162472 0.161148  0.18532 0.184866 0.185697 0.184576 0.174842 0.171226  0.16402  0.16448 0.162298 0.185887 0.186752  0.18556 0.186395 0.185576 0.166947 0.165039 0.166016 0.161894   0.1875 0.185928 0.186094 0.184797 0.178139 0.166894 0.166011 0.166446 0.164794 0.186544 0.184703 0.186458 0.186763 0.187509 0.164601 0.167486 0.167988 0.165367
0.190276 0.190078 0.185321 0.185887 0.160341 0.137566 0.142298 0.146327 0.188536 0.189301  0.18871 0.145956 0.141257 0.141743 0.144041 0.145235 0.189238   0.1889 0.188042 0.187671 0.180271 0.161935 0.146241  0.14541 0.144396 0.145332 0.186293 0.187399 0.187207 0.188192 0.166758 0.148707 0.147609  0.14583 0.144457 0.187502 0.186951 0.187714 0.186638 0.172492 0.161723  0.14864 0.148768 0.146274 0.187865 0.188669 0.187392 0.187892 0.185694 0.152177 0.149662 0.150396 0.146094 0.189413   0.1878 0.187889 0.186275 0.167449 0.152833   0.1509 0.151092 0.149285 0.188407 0.186507 0.188156 0.187978 0.187861 0.150158 0.152305 0.152613 0.149896
0.190732 0.190536 0.185784 0.186365  0.16173 0.142298 0.138039 0.144016 0.188991  0.18976 0.189177 0.147646  0.14288 0.141577 0.141967 0.143243 0.189689 0.189351 0.188499 0.188137 0.180883 0.162815 0.147084 0.145588 0.143551 0.143753 0.186741 0.187844 0.187658 0.188649 0.167311 0.148704  0.14714 0.144739 0.143305 0.187948 0.187393 0.188154 0.187081 0.172857 0.161679 0.148151 0.148075 0.145443 0.188303 0.189105 0.187824  0.18831 0.186055 0.151669 0.149038 0.149689 0.145322 0.189848 0.188233 0.188319  0.18669 0.167199 0.152339 0.150305 0.150445 0.148595  0.18884 0.186938 0.188581 0.188382 0.188223 0.149626 0.151686 0.151955 0.149215
0.193081 0.192885 0.188138 0.188729 0.164666 0.146327 0.144016 0.137007 0.191339 0.192111 0.191534 0.150841 0.146212 0.144929 0.140986 0.140664 0.192033 0.191696 0.190847 0.190491 0.183346  0.16549 0.149932 0.148308 0.145642 0.143545 0.189083 0.190185 0.190003 0.190998 0.169755 0.150957 0.149058  0.14561 0.143975 0.190289 0.189731  0.19049 0.189419 0.175157 0.163688 0.149872 0.149525 0.146684 0.190637 0.191438 0.190155 0.190631 0.188336  0.15332 0.150563 0.151101  0.14664 0.192181 0.190565 0.190649  0.18901 0.169033  0.15398 0.151853  0.15193 0.150024 0.191172 0.189267 0.190908 0.190692 0.190504 0.151233 0.153203 0.153423 0.150653
 0.14625  0.14708 0.146584 0.151252 0.186113 0.188536 0.188991 0.191339 0.142182 0.150176 0.152859 0.187875 0.186909 0.187981   0.1888   0.1897 0.148562 0.149301 0.152057 0.154035 0.173257 0.185959 0.188355 0.189373 0.188695  0.18883  0.14845 0.151755 0.152897 0.156198 0.182483 0.189815 0.189489 0.187877 0.186562 0.150687 0.151756 0.153743 0.154107 0.179493 0.186958  0.18857  0.18904  0.18711 0.153618 0.155198 0.154933 0.158341 0.165304 0.190277 0.189154 0.190368 0.186429 0.155779   0.1546 0.155441 0.156196 0.192008 0.188398 0.189628 0.190415  0.18896 0.155253 0.153895 0.156407   0.1593 0.163876 0.186812 0.191159 0.191961 0.189472
0.151374 0.150939 0.146365  0.15098 0.186775 0.189301  0.18976 0.192111 0.150176 0.146754 0.152251 0.188627 0.187673  0.18875 0.189573 0.190473 0.152837 0.152527 0.152158 0.154246 0.173794 0.186666 0.189118 0.190143 0.189467 0.189606 0.151088 0.153437 0.153786 0.156915 0.183219 0.190589 0.190266 0.188655 0.187341 0.152953 0.153564 0.155268 0.155251 0.180305 0.187778 0.189352 0.189823 0.187892 0.155362 0.156801 0.156401 0.159659 0.166485 0.191067 0.189939 0.191153 0.187212 0.157455 0.156216  0.15697 0.157592 0.192869 0.189202 0.190417 0.191202 0.189746 0.156872 0.155456   0.1579 0.160687 0.165194 0.187611 0.191948 0.192748 0.190258
0.154248 0.153893 0.147632  0.14891 0.185976  0.18871 0.189177 0.191534 0.152859 0.152251 0.146754  0.18801 0.187078 0.188165 0.188996 0.189898 0.154792 0.154451 0.152487 0.152662 0.172755 0.185961 0.188524  0.18956  0.18889 0.189035 0.152615 0.154497 0.153996 0.156457 0.182573 0.190015 0.189697  0.18809 0.186776 0.154298 0.154626 0.156095 0.155602 0.179812 0.187296 0.188794 0.189267 0.187333  0.15633 0.157651 0.157112 0.160158 0.166718 0.190525 0.189388 0.190599 0.186657 0.158355 0.157061  0.15773 0.158189 0.192466 0.188687 0.189873 0.190654 0.189195 0.157717 0.156245 0.158614 0.161259 0.165646 0.187088 0.191404 0.192199 0.189708
 0.18961 0.189411 0.184633 0.185153  0.15713 0.145956 0.147646 0.150841 0.187875 0.188627  0.18801 0.137029 0.143569 0.146387 0.148437 0.149528 0.188591 0.188253 0.187378 0.186976 0.179081 0.159665 0.146198  0.14829 0.148291 0.149266 0.185655  0.18677 0.186558 0.187524 0.165733 0.150704 0.150556 0.149254 0.147924 0.186872 0.186333 0.187104 0.186019 0.172134 0.162772  0.15126 0.151668 0.149356 0.187262 0.188074 0.186808 0.187351 0.185335 0.154691  0.15242 0.153281 0.149075 0.188819 0.187211 0.187311  0.18574 0.169094  0.15524 0.153581  0.15387 0.152132  0.18782 0.185928 0.187591 0.187485 0.187507 0.152668 0.155024 0.155405 0.152728
0.188649 0.188451 0.183691 0.184251 0.158529 0.141257  0.14288 0.146212 0.186909 0.187673 0.187078 0.143569  0.13675 0.141388 0.143835 0.144975 0.187613 0.187275 0.186416  0.18604 0.178573 0.160046 0.143769 0.143699 0.143695 0.144852 0.184669 0.185776 0.185582 0.186564 0.165025 0.147108 0.146437 0.145062 0.143719  0.18588  0.18533 0.186094 0.185016  0.17087  0.16029 0.147455 0.147735 0.145333 0.186246 0.187051 0.185775  0.18628 0.184104 0.151014  0.14858 0.149371 0.145113 0.187795 0.186183 0.186273 0.184664 0.166155 0.151672   0.1498 0.150027 0.148248  0.18679 0.184891 0.186541 0.186373 0.186275 0.149019 0.151221 0.151555 0.148854
0.189722 0.189525 0.184773 0.185351  0.16059 0.141743 0.141577 0.144929 0.187981  0.18875 0.188165 0.146387 0.141388 0.138663 0.142573 0.143785  0.18868 0.188342 0.187489 0.187124 0.179839 0.161692  0.14574 0.143999 0.142543 0.143851 0.185732 0.186836 0.186649 0.187638 0.166254 0.147557 0.146173  0.14437 0.143008  0.18694 0.186386 0.187147 0.186073 0.171851 0.160759 0.147323 0.147394 0.144868 0.187296 0.188099 0.186819 0.187308 0.185064 0.150886 0.148318 0.149027 0.144709 0.188842 0.187228 0.187314 0.185688 0.166358 0.151569 0.149574 0.149746 0.147925 0.187835 0.185933 0.187577 0.187382 0.187233 0.148871 0.150972 0.151265 0.148539
0.190543 0.190346   0.1856 0.186193  0.16222 0.144041 0.141967 0.140986   0.1888 0.189573 0.188996 0.148437 0.143835 0.142573  0.13694 0.139416 0.189494 0.189157 0.188309 0.187954 0.180826 0.163003 0.147479 0.145843 0.143096  0.14065 0.186544 0.187645 0.187464 0.188459 0.167232 0.148409 0.146455 0.142831 0.141184  0.18775 0.187191  0.18795 0.186879 0.172611 0.161097 0.147233 0.146842  0.14397 0.188097 0.188897 0.187614 0.188089 0.185787  0.15067 0.147892 0.148413 0.143937  0.18964 0.188024 0.188107 0.186467 0.166412 0.151329 0.149186 0.149254 0.147339 0.188631 0.186726 0.188366 0.188147 0.187955 0.148576 0.150532 0.150744  0.14797
0.191442 0.191246 0.186501 0.187096  0.16325 0.145235 0.143243 0.140664   0.1897 0.190473 0.189898 0.149528 0.144975 0.143785 0.139416 0.129653 0.190393 0.190056 0.189209 0.188855 0.181751  0.16398 0.148525  0.14692 0.144218 0.140198 0.187442 0.188543 0.188363 0.189359 0.168158 0.149334 0.147333  0.14326 0.141399 0.188648 0.188088 0.188846 0.187777 0.173502 0.161921 0.147997 0.147511 0.144542 0.188993 0.189793 0.188509 0.188982 0.186671 0.151404 0.148584 0.149058 0.144539 0.190536  0.18892 0.189002  0.18736 0.167186 0.152054 0.149883 0.149927 0.147989 0.189526 0.187621  0.18926 0.189038 0.188839 0.149291 0.151217 0.151411 0.148624
0.151342 0.151611  0.14947  0.15332 0.186932 0.189238 0.189689 0.192033 0.148562 0.152837 0.154792 0.188591 0.187613  0.18868 0.189494 0.190393 0.141852 0.149129 0.153144 0.155208 0.174203 0.186724 0.189059 0.190071  0.18939 0.189522 0.146819 0.151525 0.153417 0.156897 0.183217 0.190508 0.190179 0.188564  0.18725 0.149629 0.151326 0.153638 0.154387 0.180143   0.1876 0.189253 0.189723 0.187794 0.153241 0.154989 0.154876 0.158441  0.16555 0.190953 0.189834  0.19105 0.187111  0.15548 0.154373 0.155311 0.156213 0.192605 0.189058 0.190304 0.191094  0.18964 0.155021 0.153728 0.156317 0.159326 0.163975 0.187477 0.191836  0.19264 0.190152
0.151658 0.151738 0.149241  0.15301 0.186591   0.1889 0.189351 0.191696 0.149301 0.152527 0.154451 0.188253 0.187275 0.188342 0.189157 0.190056 0.149129 0.145681 0.152679 0.154818 0.173856 0.186384 0.188721 0.189733 0.189052 0.189184 0.147413 0.151177 0.152991 0.156513 0.182876  0.19017 0.189841 0.188227 0.186912 0.149807 0.151132 0.153326 0.154014 0.179804 0.187264 0.188916 0.189386 0.187457 0.153058 0.154738  0.15458 0.158121 0.165225 0.190616 0.189497 0.190712 0.186774 0.155272 0.154138 0.155044  0.15591 0.192271 0.188721 0.189967 0.190757 0.189303 0.154789 0.153474 0.156041 0.159026 0.163668  0.18714 0.191499 0.192302 0.189815
0.153716 0.153484 0.149047 0.151676 0.185602 0.188042 0.188499 0.190847 0.152057 0.152158 0.152487 0.187378 0.186416 0.187489 0.188309 0.189209 0.153144 0.152679 0.146754 0.152335  0.17266 0.185444 0.187861 0.188881 0.188204  0.18834 0.150514 0.152034 0.151423 0.155051 0.181963 0.189324 0.188999 0.187387 0.186073 0.152082 0.152298 0.153738 0.153411 0.178981 0.186476 0.188081 0.188552 0.186621 0.154054 0.155371 0.154861 0.158059  0.16495 0.189791 0.188666  0.18988 0.185941 0.156095 0.154805 0.155492  0.15604 0.191548 0.187917 0.189141 0.189928 0.188473 0.155465 0.154006 0.156402 0.159149 0.163671 0.186329 0.190673 0.191474 0.188985
0.155652   0.1554 0.150286  0.15133 0.185008 0.187671 0.188137 0.190491 0.154035 0.154246 0.152662 0.186976  0.18604 0.187124 0.187954 0.188855 0.155208 0.154818 0.152335 0.146674 0.171668 0.184931 0.187484 0.188519 0.187848 0.187991 0.152585 0.153998 0.152313 0.153832 0.181495 0.188971 0.188653 0.187046 0.185731 0.154083 0.154121 0.155331 0.154226 0.178681 0.186225 0.187748  0.18822 0.186287 0.155728 0.156925 0.156238 0.159103 0.165613 0.189476 0.188341 0.189553  0.18561 0.157686 0.156334 0.156918 0.157237 0.191403 0.187635 0.188824 0.189606 0.188148 0.156992 0.155464 0.157764 0.160312 0.164664 0.186037 0.190356 0.191152 0.188661
0.174928   0.1747 0.169608 0.169492 0.175071 0.180271 0.180883 0.183346 0.173257 0.173794 0.172755 0.179081 0.178573 0.179839 0.180826 0.181751 0.174203 0.173856  0.17266 0.171668 0.131117 0.174248 0.179971 0.181258 0.180702 0.180965 0.171416  0.17266 0.172072  0.17254 0.171144 0.181853 0.181668 0.180139 0.178825 0.172743 0.172418 0.173327 0.172029 0.172666 0.180899  0.18097 0.181481 0.179503 0.173604 0.174551 0.173476 0.174818   0.1764 0.183009 0.181707 0.182873 0.178893 0.175315 0.173804 0.174087 0.173302 0.187895  0.18176 0.182332 0.183024 0.181518 0.174434 0.172685 0.174608 0.175745 0.178057 0.179973 0.183855 0.184572 0.182047
0.187681 0.187476  0.18263 0.183006 0.160949 0.161935 0.162815  0.16549 0.185959 0.186666 0.185961 0.159665 0.160046 0.161692 0.163003  0.16398 0.186724 0.186384 0.185444 0.184931 0.174248 0.131327 0.161052 0.163103 0.162831 0.163351  0.18382 0.184961 0.184673 0.185548 0.158111 0.163949 0.164119 0.162773  0.16146 0.185059 0.184566 0.185365 0.184226 0.170178 0.168564 0.163877 0.164461 0.162389 0.185549  0.18639 0.185163 0.185861  0.18454 0.166584 0.164904 0.165971 0.161911  0.18714 0.185553 0.185692 0.184296 0.176985 0.166422 0.165802 0.166315 0.164715 0.186166 0.184305 0.186027  0.18621 0.186783 0.164236 0.167304 0.167866 0.165275
0.190094 0.189897 0.185137 0.185698 0.160684 0.146241 0.147084 0.149932 0.188355 0.189118 0.188524 0.146198 0.143769  0.14574 0.147479 0.148525 0.189059 0.188721 0.187861 0.187484 0.179971 0.161052  0.13873 0.146372 0.147084 0.148098 0.186115 0.187221 0.187026 0.188006 0.166083 0.147881 0.148763  0.14785 0.146541 0.187325 0.186775  0.18754  0.18646 0.172134 0.161707 0.149417 0.150032 0.147807 0.187692 0.188497 0.187222 0.187726 0.185552 0.153001 0.150759 0.151669 0.147499 0.189242 0.187629  0.18772 0.186113 0.167944 0.153686 0.151936 0.152239  0.15052 0.188237 0.186338 0.187989 0.187826  0.18774 0.151082 0.153393 0.153783 0.151114
0.191115 0.190918 0.186167 0.186749 0.162358  0.14541 0.145588 0.148308 0.189373 0.190143  0.18956  0.14829 0.143699 0.143999 0.145843  0.14692 0.190071 0.189733 0.188881 0.188519 0.181258 0.163103 0.146372 0.141656 0.144948 0.146551 0.187123 0.188226  0.18804  0.18903 0.167577 0.147773 0.147003 0.146436 0.145139  0.18833 0.187775 0.188535 0.187462 0.173171 0.161999  0.14847 0.148882 0.146558 0.188684 0.189486 0.188206 0.188691 0.186435 0.152176 0.149727  0.15055 0.146322  0.19023 0.188615 0.188701 0.187072 0.167684 0.152916 0.150968 0.151199 0.149432 0.189222 0.187319 0.188963 0.188764 0.188609 0.150236 0.152397 0.152734 0.150037
0.190437 0.190241 0.185495 0.186086   0.1621 0.144396 0.143551 0.145642 0.188695 0.189467  0.18889 0.148291 0.143695 0.142543 0.143096 0.144218  0.18939 0.189052 0.188204 0.187848 0.180702 0.162831 0.147084 0.144948 0.139151 0.143879  0.18644 0.187541 0.187359 0.188354 0.167082 0.147909 0.145597 0.144021  0.14276 0.187646 0.187087 0.187846 0.186775 0.172492 0.161009 0.147084 0.147042 0.144506 0.187993 0.188794 0.187511 0.187987 0.185691 0.150679 0.148023 0.148703 0.144374 0.189537 0.187921 0.188005 0.186366 0.166411  0.15139 0.149309 0.149453 0.147616 0.188528 0.186623 0.188264 0.188048 0.187861  0.14866 0.150697  0.15097 0.148235
0.190574 0.190378 0.185636 0.186238  0.16279 0.145332 0.143753 0.143545  0.18883 0.189606 0.189035 0.149266 0.144852 0.143851  0.14065 0.140198 0.189522 0.189184  0.18834 0.187991 0.180965 0.163351 0.148098 0.146551 0.143879 0.135635 0.186569 0.187669 0.187492 0.188491 0.167368 0.148511  0.14634 0.141018 0.138618 0.187774 0.187212 0.187969 0.186901 0.172604 0.160816   0.1467 0.145938 0.142701 0.188115 0.188914 0.187628 0.188094 0.185755  0.15002 0.147077 0.147422 0.142783 0.189657 0.188039  0.18812 0.186471 0.165931 0.150648 0.148394 0.148369 0.146365 0.188646 0.186739 0.188376 0.188143 0.187921 0.147853 0.149691 0.149832 0.147011
0.150715 0.150751 0.147809 0.151209 0.184059 0.186293 0.186741 0.189083  0.14845 0.151088 0.152615 0.185655 0.184669 0.185732 0.186544 0.187442 0.146819 0.147413 0.150514 0.152585 0.171416  0.18382 0.186115 0.187123  0.18644 0.186569 0.141852 0.148007 0.150409 0.153979 0.180292 0.187557 0.187225  0.18561 0.184295 0.145287 0.147594 0.150178 0.151198 0.177165 0.184616 0.186296 0.186765 0.184837 0.149535 0.151427 0.151435 0.155111 0.162313  0.18799 0.186874 0.188091 0.184153 0.151836  0.15079 0.151809  0.15282 0.189592 0.186085 0.187342 0.188134  0.18668 0.151433 0.150194 0.152844 0.155939 0.160638 0.184507 0.188874 0.189679 0.187192
 0.15376 0.153682 0.150162 0.153131 0.185233 0.187399 0.187844 0.190185 0.151755 0.153437 0.154497  0.18677 0.185776 0.186836 0.187645 0.188543 0.151525 0.151177 0.152034 0.153998  0.17266 0.184961 0.187221 0.188226 0.187541 0.187669 0.148007 0.146754 0.151366  0.15503 0.181411 0.188657 0.188324 0.186707 0.185393 0.149077  0.14866 0.150472   0.1519 0.178232 0.185686 0.187391  0.18786 0.185933 0.150882 0.152305 0.152128 0.155856 0.163152  0.18908 0.187967 0.189185 0.185248 0.153054  0.15183 0.152674 0.153592  0.19064 0.187167 0.188433 0.189226 0.187773 0.152506 0.151146 0.153693 0.156731 0.161454 0.185592 0.189965 0.190771 0.188285
0.154707  0.15454 0.150363 0.152681 0.184907 0.187207 0.187658 0.190003 0.152897 0.153786 0.153996 0.186558 0.185582 0.186649 0.187464 0.188363 0.153417 0.152991 0.151423 0.152313 0.172072 0.184673 0.187026  0.18804 0.187359 0.187492 0.150409 0.151366 0.146726 0.153159 0.181138 0.188477 0.188149 0.186535  0.18522 0.151756 0.151573 0.152578 0.151274 0.178042 0.185565 0.187224 0.187694 0.185765 0.153182 0.154309 0.153579 0.156603 0.163618 0.188925 0.187805 0.189021 0.185083 0.155124 0.153752 0.154316 0.154699 0.190602 0.187035 0.188277 0.189066 0.187612 0.154416 0.152879 0.155182 0.157837 0.162382 0.185453 0.189809 0.190612 0.188124
0.157948 0.157755 0.153213 0.154797 0.185789 0.188192 0.188649 0.190998 0.156198 0.156915 0.156457 0.187524 0.186564 0.187638 0.188459 0.189359 0.156897 0.156513 0.155051 0.153832  0.17254 0.185548 0.188006  0.18903 0.188354 0.188491 0.153979  0.15503 0.153159 0.145556 0.181983 0.189472  0.18915 0.187539 0.186225 0.155302 0.155009 0.155869 0.153301 0.178942  0.18661 0.188233 0.188705 0.186775 0.156422 0.157433 0.156481 0.158937 0.165458 0.189946 0.188821 0.190035 0.186094 0.158262 0.156821 0.157256 0.157307 0.191758 0.188083 0.189298 0.190084 0.188627 0.157477 0.155853 0.158027 0.160405 0.164737 0.186494  0.19083 0.191629  0.18914
0.184215 0.184014 0.179219 0.179725 0.168065 0.166758 0.167311 0.169755 0.182483 0.183219 0.182573 0.165733 0.165025 0.166254 0.167232 0.168158 0.183217 0.182876 0.181963 0.181495 0.171144 0.158111 0.166083 0.167577 0.167082 0.167368 0.180292 0.181411 0.181138 0.181983 0.128246 0.167944 0.167988  0.16654  0.16523  0.18152 0.181004 0.181782 0.180609 0.159735 0.166894 0.167275 0.167883  0.16592 0.181971 0.182798  0.18155 0.182162 0.180558 0.169502 0.168157 0.169325 0.165338 0.183552 0.181958 0.182084 0.180658 0.177163 0.168824  0.16889  0.16953 0.168003 0.182571 0.180702 0.182412 0.182588  0.18323 0.166899  0.17042 0.171085 0.168542
0.191558 0.191362 0.186618 0.187215 0.163995 0.148707 0.148704 0.150957 0.189815 0.190589 0.190015 0.150704 0.147108 0.147557 0.148409 0.149334 0.190508  0.19017 0.189324 0.188971 0.181853 0.163949 0.147881 0.147773 0.147909 0.148511 0.187557 0.188657 0.188477 0.189472 0.167944 0.141779 0.147816 0.147654 0.146386 0.188762 0.188202  0.18896 0.187889 0.173399 0.161762 0.147828 0.149152 0.147181 0.189107 0.189907 0.188623 0.189094 0.186776 0.151876 0.149764 0.150831 0.146774  0.19065 0.189034 0.189116 0.187474 0.167618 0.152804 0.150952 0.151321 0.149669  0.18964 0.187735 0.189374 0.189155 0.188963  0.15016 0.152454  0.15289 0.150254
0.191232 0.191037 0.186297 0.186904 0.163867 0.147609  0.14714 0.149058 0.189489 0.190266 0.189697 0.150556 0.146437 0.146173 0.146455 0.147333 0.190179 0.189841 0.188999 0.188653 0.181668 0.164119 0.148763 0.147003 0.145597  0.14634 0.187225 0.188324 0.188149  0.18915 0.167988 0.147816 0.141524 0.145242  0.14406 0.188429 0.187866 0.188623 0.187555  0.17318 0.161209 0.146337 0.146913 0.144857 0.188768 0.189565 0.188279  0.18874 0.186382 0.150363 0.147808 0.148712 0.144578 0.190309 0.188691 0.188771 0.187117 0.166458  0.15121 0.149114  0.14935 0.147614 0.189297  0.18739 0.189025 0.188786 0.188553 0.148474 0.150559 0.150903 0.148218
0.189621 0.189425 0.184689 0.185302 0.162472  0.14583 0.144739  0.14561 0.187877 0.188655  0.18809 0.149254 0.145062  0.14437 0.142831  0.14326 0.188564 0.188227 0.187387 0.187046 0.180139 0.162773  0.14785 0.146436 0.144021 0.141018  0.18561 0.186707 0.186535 0.187539  0.16654 0.147654 0.145242 0.136072 0.137696 0.186813 0.186248 0.187003 0.185937 0.171605 0.159492 0.145067 0.143853 0.140293 0.187147 0.187944 0.186656 0.187111 0.184728 0.148256 0.145122 0.145289 0.140513 0.188687 0.187068 0.187146 0.185485 0.164371 0.148852 0.146472  0.14635 0.144262 0.187674 0.185765 0.187399 0.187147 0.186891  0.14601 0.147721 0.147788 0.144922
0.188306 0.188111 0.183374 0.183987 0.161148 0.144457 0.143305 0.143975 0.186562 0.187341 0.186776 0.147924 0.143719 0.143008 0.141184 0.141399  0.18725 0.186912 0.186073 0.185731 0.178825  0.16146 0.146541 0.145139  0.14276 0.138618 0.184295 0.185393  0.18522 0.186225  0.16523 0.146386  0.14406 0.137696 0.129649 0.185498 0.184934 0.185689 0.184623 0.170295 0.158189 0.143817 0.142548 0.138653 0.185833 0.186629 0.185341 0.185797 0.183414 0.146954 0.143783 0.143836 0.138901 0.187372 0.185753 0.185832 0.184171  0.16305 0.147521 0.145117 0.144947 0.142796 0.186359 0.184451 0.186084 0.185833 0.185577  0.14467 0.146336 0.146362 0.143464
0.152849  0.15284 0.149673 0.152898  0.18532 0.187502 0.187948 0.190289 0.150687 0.152953 0.154298 0.186872  0.18588  0.18694  0.18775 0.188648 0.149629 0.149807 0.152082 0.154083 0.172743 0.185059 0.187325  0.18833 0.187646 0.187774 0.145287 0.149077 0.151756 0.155302  0.18152 0.188762 0.188429 0.186813 0.185498 0.141852 0.148105 0.151076 0.152344 0.178358 0.185799 0.187497 0.187966 0.186039 0.149778 0.152047 0.152249 0.156045 0.163314 0.189187 0.188073 0.189291 0.185353 0.152195 0.151305 0.152489 0.153666 0.190752 0.187275 0.188539 0.189332  0.18788 0.151924   0.1508 0.153563 0.156781 0.161527 0.185699 0.190072 0.190878 0.188391
0.153795 0.153732 0.150261 0.153219 0.184866 0.186951 0.187393 0.189731 0.151756 0.153564 0.154626 0.186333  0.18533 0.186386 0.187191 0.188088 0.151326 0.151132 0.152298 0.154121 0.172418 0.184566 0.186775 0.187775 0.187087 0.187212 0.147594  0.14866 0.151573 0.155009 0.181004 0.188202 0.187866 0.186248 0.184934 0.148105 0.143285  0.14961 0.151704 0.177776 0.185197 0.186929 0.187397 0.185471 0.148224 0.150081 0.150842 0.154951  0.16236 0.188611 0.187502 0.188721 0.184784 0.150816 0.149737 0.150965 0.152418 0.190105 0.186685 0.187964 0.188759 0.187308 0.150446 0.149303 0.152141 0.155535 0.160367 0.185114 0.189497 0.190305 0.187819
0.155708 0.155612 0.151928 0.154671 0.185697 0.187714 0.188154  0.19049 0.153743 0.155268 0.156095 0.187104 0.186094 0.187147  0.18795 0.188846 0.153638 0.153326 0.153738 0.155331 0.173327 0.185365  0.18754 0.188535 0.187846 0.187969 0.150178 0.150472 0.152578 0.155869 0.181782  0.18896 0.188623 0.187003 0.185689 0.151076  0.14961 0.146754 0.152125 0.178499 0.185924 0.187682 0.188149 0.186224  0.15105 0.151444 0.150914 0.155281  0.16283 0.189359 0.188252 0.189472 0.185536 0.152901 0.151362 0.151889 0.152868  0.19081 0.187424 0.188713 0.189509 0.188059 0.152102 0.150539 0.152952 0.156043 0.160877 0.185856 0.190245 0.191055 0.188569
0.155975 0.155834 0.151796 0.154113 0.184576 0.186638 0.187081 0.189419 0.154107 0.155251 0.155602 0.186019 0.185016 0.186073 0.186879 0.187777 0.154387 0.154014 0.153411 0.154226 0.172029 0.184226  0.18646 0.187462 0.186775 0.186901 0.151198   0.1519 0.151274 0.153301 0.180609 0.187889 0.187555 0.185937 0.184623 0.152344 0.151704 0.152125 0.146153 0.177308 0.184866 0.186618 0.187087 0.185161 0.152909 0.153709 0.152443 0.154771 0.162066 0.188303 0.187193 0.188411 0.184475 0.154631 0.153096  0.15338 0.153272 0.189837 0.186385 0.187657 0.188451 0.186999 0.153755 0.152038 0.154107 0.156476 0.161034 0.184813  0.18919 0.189997  0.18751
0.181249 0.181059 0.176388 0.177179 0.174842 0.172492 0.172857 0.175157 0.179493 0.180305 0.179812 0.172134  0.17087 0.171851 0.172611 0.173502 0.180143 0.179804 0.178981 0.178681 0.172666 0.170178 0.172134 0.173171 0.172492 0.172604 0.177165 0.178232 0.178042 0.178942 0.159735 0.173399  0.17318 0.171605 0.170295 0.178358 0.177776 0.178499 0.177308 0.127907 0.167498 0.172158 0.172712 0.170814 0.178678 0.179464 0.178153 0.178488 0.175738 0.173905 0.172838 0.174073 0.170141 0.180221 0.178601 0.178681 0.177088 0.177826 0.172493 0.173386 0.174147 0.172685  0.17921 0.177307 0.178962 0.178956 0.179438 0.170871 0.174931 0.175701 0.173203
0.188715 0.188526 0.183856 0.184623 0.171226 0.161723 0.161679 0.163688 0.186958 0.187778 0.187296 0.162772  0.16029 0.160759 0.161097 0.161921   0.1876 0.187264 0.186476 0.186225 0.180899 0.168564 0.161707 0.161999 0.161009 0.160816 0.184616 0.185686 0.185565  0.18661 0.166894 0.161762 0.161209 0.159492 0.158189 0.185799 0.185197 0.185924 0.184866 0.167498 0.126625 0.159512 0.160144 0.158407 0.186056 0.186829 0.185506 0.185811  0.18274  0.16055 0.160087 0.161468 0.157628 0.187572 0.185938 0.185987 0.184213 0.165966 0.159338 0.160551 0.161423 0.160036 0.186541 0.184611 0.186206 0.185806 0.185344 0.158046 0.162153 0.162996 0.160539
0.190315  0.19012 0.185389 0.186015  0.16402  0.14864 0.148151 0.149872  0.18857 0.189352 0.188794  0.15126 0.147455 0.147323 0.147233 0.147997 0.189253 0.188916 0.188081 0.187748  0.18097 0.163877 0.149417  0.14847 0.147084   0.1467 0.186296 0.187391 0.187224 0.188233 0.167275 0.147828 0.146337 0.145067 0.143817 0.187497 0.186929 0.187682 0.186618 0.172158 0.159512 0.141647 0.145468 0.143928 0.187825 0.188619 0.187328 0.187771 0.185337 0.147884 0.145859 0.147212 0.143348 0.189362 0.187742 0.187817 0.186144 0.164597  0.14909 0.147091 0.147563 0.146026 0.188347 0.186436 0.188066 0.187797 0.187509 0.146385 0.148665 0.149175 0.146594
0.190786 0.190591 0.185861  0.18649  0.16448 0.148768 0.148075 0.149525  0.18904 0.189823 0.189267 0.151668 0.147735 0.147394 0.146842 0.147511 0.189723 0.189386 0.188552  0.18822 0.181481 0.164461 0.150032 0.148882 0.147042 0.145938 0.186765  0.18786 0.187694 0.188705 0.167883 0.149152 0.146913 0.143853 0.142548 0.187966 0.187397 0.188149 0.187087 0.172712 0.160144 0.145468 0.141543 0.141985 0.188291 0.189085 0.187793 0.188235 0.185791 0.148267 0.144697 0.145302 0.141606 0.189828 0.188207 0.188282 0.186606 0.164714 0.148881  0.14636 0.146328 0.144539 0.188813 0.186902  0.18853 0.188254 0.187952 0.145997 0.147706 0.147909 0.145187
0.188855  0.18866 0.183928 0.184553 0.162298 0.146274 0.145443 0.146684  0.18711 0.187892 0.187333 0.149356 0.145333 0.144868  0.14397 0.144542 0.187794 0.187457 0.186621 0.186287 0.179503 0.162389 0.147807 0.146558 0.144506 0.142701 0.184837 0.185933 0.185765 0.186775  0.16592 0.147181 0.144857 0.140293 0.138653 0.186039 0.185471 0.186224 0.185161 0.170814 0.158407 0.143928 0.141985 0.135425 0.186366 0.187161  0.18587 0.186315 0.183888 0.146732 0.143212  0.14258 0.137474 0.187904 0.186284 0.186359 0.184687 0.162966 0.147165 0.144548 0.144108 0.141723 0.186889 0.184979 0.186608 0.186338 0.186048 0.144234 0.145623 0.145454  0.14244
 0.15564 0.155569 0.152031 0.154892 0.185887 0.187865 0.188303 0.190637 0.153618 0.155362  0.15633 0.187262 0.186246 0.187296 0.188097 0.188993 0.153241 0.153058 0.154054 0.155728 0.173604 0.185549 0.187692 0.188684 0.187993 0.188115 0.149535 0.150882 0.153182 0.156422 0.181971 0.189107 0.188768 0.187147 0.185833 0.149778 0.148224  0.15105 0.152909 0.178678 0.186056 0.187825 0.188291 0.186366 0.141851 0.149437 0.150935 0.155306 0.162833 0.189498 0.188393 0.189613 0.185678 0.147427   0.1473 0.150015 0.152357 0.190903 0.187554 0.188851 0.189649 0.188199 0.147943 0.147667 0.151341 0.155414 0.160408 0.185988 0.190384 0.191194 0.188709
0.157183 0.157096  0.15345 0.156198 0.186752 0.188669 0.189105 0.191438 0.155198 0.156801 0.157651 0.188074 0.187051 0.188099 0.188897 0.189793 0.154989 0.154738 0.155371 0.156925 0.174551  0.18639 0.188497 0.189486 0.188794 0.188914 0.151427 0.152305 0.154309 0.157433 0.182798 0.189907 0.189565 0.187944 0.186629 0.152047 0.150081 0.151444 0.153709 0.179464 0.186829 0.188619 0.189085 0.187161 0.149437 0.146599   0.1508 0.155739 0.163377 0.190287 0.189185 0.190406 0.186471 0.151125  0.14914 0.150217 0.152714 0.191648 0.188334 0.189641  0.19044 0.188991 0.150211 0.148832 0.151846 0.155801 0.160843 0.186771 0.191174 0.191986 0.189501
0.156883 0.156779 0.153018 0.155631  0.18556 0.187392 0.187824 0.190155 0.154933 0.156401 0.157112 0.186808 0.185775 0.186819 0.187614 0.188509 0.154876  0.15458 0.154861 0.156238 0.173476 0.185163 0.187222 0.188206 0.187511 0.187628 0.151435 0.152128 0.153579 0.156481  0.18155 0.188623 0.188279 0.186656 0.185341 0.152249 0.150842 0.150914 0.152443 0.178153 0.185506 0.187328 0.187793  0.18587 0.150935   0.1508 0.146425 0.153821 0.161703  0.18899 0.187891 0.189113 0.185179 0.152172 0.150238 0.149805 0.150841  0.19029 0.187025 0.188344 0.189145 0.187697 0.150945 0.148908 0.150878 0.154062 0.159129 0.185465 0.189877  0.19069 0.188207
0.160251 0.160129 0.156208 0.158577 0.186395 0.187892  0.18831 0.190631 0.158341 0.159659 0.160158 0.187351  0.18628 0.187308 0.188089 0.188982 0.158441 0.158121 0.158059 0.159103 0.174818 0.185861 0.187726 0.188691 0.187987 0.188094 0.155111 0.155856 0.156603 0.158937 0.182162 0.189094  0.18874 0.187111 0.185797 0.156045 0.154951 0.155281 0.154771 0.178488 0.185811 0.187771 0.188235 0.186315 0.155306 0.155739 0.153821 0.143806  0.15924 0.189408 0.188324 0.189549 0.185619 0.156536 0.154705 0.154381  0.15121 0.190481 0.187398 0.188766 0.189574  0.18813 0.155289 0.153118  0.15437  0.15475 0.159197 0.185854   0.1903 0.191119 0.188638
0.167173 0.167032 0.162913 0.164876 0.185576 0.185694 0.186055 0.188336 0.165304 0.166485 0.166718 0.185335 0.184104 0.185064 0.185787 0.186671  0.16555 0.165225  0.16495 0.165613   0.1764  0.18454 0.185552 0.186435 0.185691 0.185755 0.162313 0.163152 0.163618 0.165458 0.180558 0.186776 0.186382 0.184728 0.183414 0.163314  0.16236  0.16283 0.162066 0.175738  0.18274 0.185337 0.185791 0.183888 0.162833 0.163377 0.161703  0.15924 0.129759 0.186864 0.185843 0.187086 0.183169 0.164121 0.162339 0.162108 0.159144 0.186969 0.184667 0.186239 0.187078 0.185649 0.162917 0.160783 0.162037 0.160777  0.16166 0.183192 0.187776 0.188623 0.186153
0.192025 0.191831 0.187112 0.187765 0.166947 0.152177 0.151669  0.15332 0.190277 0.191067 0.190525 0.154691 0.151014 0.150886  0.15067 0.151404 0.190953 0.190616 0.189791 0.189476 0.183009 0.166584 0.153001 0.152176 0.150679  0.15002  0.18799  0.18908 0.188925 0.189946 0.169502 0.151876 0.150363 0.148256 0.146954 0.189187 0.188611 0.189359 0.188303 0.173905  0.16055 0.147884 0.148267 0.146732 0.189498 0.190287  0.18899 0.189408 0.186864 0.141696   0.1478 0.149447  0.14576 0.191029 0.189406 0.189475 0.187774 0.164551 0.148366 0.148005 0.149152 0.147912  0.19001 0.188095 0.189715 0.189399 0.189022 0.146246 0.149784 0.150763 0.148383
  0.1909 0.190706  0.18598 0.186618 0.165039 0.149662 0.149038 0.150563 0.189154 0.189939 0.189388  0.15242  0.14858 0.148318 0.147892 0.148584 0.189834 0.189497 0.188666 0.188341 0.181707 0.164904 0.150759 0.149727 0.148023 0.147077 0.186874 0.187967 0.187805 0.188821 0.168157 0.149764 0.147808 0.145122 0.143783 0.188073 0.187502 0.188252 0.187193 0.172838 0.160087 0.145859 0.144697 0.143212 0.188393 0.189185 0.187891 0.188324 0.185843   0.1478 0.141524 0.145265 0.141992 0.189928 0.188306 0.188378 0.186692 0.164208 0.148024 0.144975 0.145128 0.144018 0.188911 0.186998 0.188623  0.18833 0.187996  0.14501 0.146559 0.147028 0.144568
0.192114  0.19192 0.187192 0.187826 0.166016 0.150396 0.149689 0.151101 0.190368 0.191153 0.190599 0.153281 0.149371 0.149027 0.148413 0.149058  0.19105 0.190712  0.18988 0.189553 0.182873 0.165971 0.151669  0.15055 0.148703 0.147422 0.188091 0.189185 0.189021 0.190035 0.169325 0.150831 0.148712 0.145289 0.143836 0.189291 0.188721 0.189472 0.188411 0.174073 0.161468 0.147212 0.145302  0.14258 0.189613 0.190406 0.189113 0.189549 0.187086 0.149447 0.145265 0.141465 0.140681 0.191148 0.189527 0.189601 0.187919 0.165637  0.14953 0.146527 0.145375 0.142997 0.190132  0.18822 0.189846 0.189561 0.189239 0.146461   0.1473 0.146876   0.1439
0.188174  0.18798  0.18325  0.18388 0.161894 0.146094 0.145322  0.14664 0.186429 0.187212 0.186657 0.149075 0.145113 0.144709 0.143937 0.144539 0.187111 0.186774 0.185941  0.18561 0.178893 0.161911 0.147499 0.146322 0.144374 0.142783 0.184153 0.185248 0.185083 0.186094 0.165338 0.146774 0.144578 0.140513 0.138901 0.185353 0.184784 0.185536 0.184475 0.170141 0.157628 0.143348 0.141606 0.137474 0.185678 0.186471 0.185179 0.185619 0.183169  0.14576 0.141992 0.140681 0.129741 0.187214 0.185593 0.185667 0.183989 0.161897 0.145879  0.14298 0.141942 0.138226 0.186198 0.184287 0.185914 0.185634 0.185323 0.142826 0.143602 0.142698    0.139
0.157784 0.157705 0.154109 0.156901   0.1875 0.189413 0.189848 0.192181 0.155779 0.157455 0.158355 0.188819 0.187795 0.188842  0.18964 0.190536  0.15548 0.155272 0.156095 0.157686 0.175315  0.18714 0.189242  0.19023 0.189537 0.189657 0.151836 0.153054 0.155124 0.158262 0.183552  0.19065 0.190309 0.188687 0.187372 0.152195 0.150816 0.152901 0.154631 0.180221 0.187572 0.189362 0.189828 0.187904 0.147427 0.151125 0.152172 0.156536 0.164121 0.191029 0.189928 0.191148 0.187214 0.139737 0.146774 0.150484 0.153321 0.192382 0.189075 0.190383 0.191183 0.189733 0.144901 0.147035 0.151699 0.156323  0.16142 0.187512 0.191916 0.192728 0.190244
0.156589 0.156503 0.152858 0.155597 0.185928   0.1878 0.188233 0.190565   0.1546 0.156216 0.157061 0.187211 0.186183 0.187228 0.188024  0.18892 0.154373 0.154138 0.154805 0.156334 0.173804 0.185553 0.187629 0.188615 0.187921 0.188039  0.15079  0.15183 0.153752 0.156821 0.181958 0.189034 0.188691 0.187068 0.185753 0.151305 0.149737 0.151362 0.153096 0.178601 0.185938 0.187742 0.188207 0.186284   0.1473  0.14914 0.150238 0.154705 0.162339 0.189406 0.188306 0.189527 0.185593 0.146774 0.142526 0.148079  0.15135 0.190725 0.187444  0.18876  0.18956 0.188112 0.145319 0.144918 0.149541 0.154339 0.159493 0.185884 0.190293 0.191106 0.188622
0.157407  0.15731 0.153594 0.156247 0.186094 0.187889 0.188319 0.190649 0.155441  0.15697  0.15773 0.187311 0.186273 0.187314 0.188107 0.189002 0.155311 0.155044 0.155492 0.156918 0.174087 0.185692  0.18772 0.188701 0.188005  0.18812 0.151809 0.152674 0.154316 0.157256 0.182084 0.189116 0.188771 0.187146 0.185832 0.152489 0.150965 0.151889  0.15338 0.178681 0.185987 0.187817 0.188282 0.186359 0.150015 0.150217 0.149805 0.154381 0.162108 0.189475 0.188378 0.189601 0.185667 0.150484 0.148079 0.145464 0.150729 0.190731 0.187501 0.188829 0.189632 0.188184 0.148774 0.146218 0.148808 0.153713 0.158974 0.185944 0.190362 0.191177 0.188694
0.158127 0.158014 0.154168 0.156637 0.184797 0.186275  0.18669  0.18901 0.156196 0.157592 0.158189  0.18574 0.184664 0.185688 0.186467  0.18736 0.156213  0.15591  0.15604 0.157237 0.173302 0.184296 0.186113 0.187072 0.186366 0.186471  0.15282 0.153592 0.154699 0.157307 0.180658 0.187474 0.187117 0.185485 0.184171 0.153666 0.152418 0.152868 0.153272 0.177088 0.184213 0.186144 0.186606 0.184687 0.152357 0.152714 0.150841  0.15121 0.159144 0.187774 0.186692 0.187919 0.183989 0.153321  0.15135 0.150729 0.143654 0.188751 0.185744  0.18713 0.187941 0.186497 0.151868 0.149421 0.150076 0.149012 0.154548 0.184203 0.188664 0.189486 0.187006
0.193778 0.193594 0.188984 0.189875 0.178139 0.167449 0.167199 0.169033 0.192008 0.192869 0.192466 0.169094 0.166155 0.166358 0.166412 0.167186 0.192605 0.192271 0.191548 0.191403 0.187895 0.176985 0.167944 0.167684 0.166411 0.165931 0.189592  0.19064 0.190602 0.191758 0.177163 0.167618 0.166458 0.164371  0.16305 0.190752 0.190105  0.19081 0.189837 0.177826 0.165966 0.164597 0.164714 0.162966 0.190903 0.191648  0.19029 0.190481 0.186969 0.164551 0.164208 0.165637 0.161897 0.192382 0.190725 0.190731 0.188751 0.130208   0.1576 0.163737 0.165086 0.163908 0.191322 0.189356 0.190883 0.190088 0.188738 0.158062 0.165297 0.166603 0.164321
 0.19015 0.189958 0.185261 0.185961 0.166894 0.152833 0.152339  0.15398 0.188398 0.189202 0.188687  0.15524 0.151672 0.151569 0.151329 0.152054 0.189058 0.188721 0.187917 0.187635  0.18176 0.166422 0.153686 0.152916  0.15139 0.150648 0.186085 0.187167 0.187035 0.188083 0.168824 0.152804  0.15121 0.148852 0.147521 0.187275 0.186685 0.187424 0.186385 0.172493 0.159338  0.14909 0.148881 0.147165 0.187554 0.188334 0.187025 0.187398 0.184667 0.148366 0.148024  0.14953 0.145879 0.189075 0.187444 0.187501 0.185744   0.1576  0.13149  0.14688 0.148614 0.147597 0.188048 0.186122 0.187723  0.18731 0.186734 0.140229   0.1485  0.15011 0.147951
0.191375 0.191181 0.186461  0.18711 0.166011   0.1509 0.150305 0.151853 0.189628 0.190417 0.189873 0.153581   0.1498 0.149574 0.149186 0.149883 0.190304 0.189967 0.189141 0.188824 0.182332 0.165802 0.151936 0.150968 0.149309 0.148394 0.187342 0.188433 0.188277 0.189298  0.16889 0.150952 0.149114 0.146472 0.145117 0.188539 0.187964 0.188713 0.187657 0.173386 0.160551 0.147091  0.14636 0.144548 0.188851 0.189641 0.188344 0.188766 0.186239 0.148005 0.144975 0.146527  0.14298 0.190383  0.18876 0.188829  0.18713 0.163737  0.14688  0.14144 0.144997 0.144333 0.189364 0.187449 0.189069 0.188754 0.188374 0.143479 0.145063 0.146704 0.144651
0.192162 0.191968 0.187244 0.187886 0.166446 0.151092 0.150445  0.15193 0.190415 0.191202 0.190654  0.15387 0.150027 0.149746 0.149254 0.149927 0.191094 0.190757 0.189928 0.189606 0.183024 0.166315 0.152239 0.151199 0.149453 0.148369 0.188134 0.189226 0.189066 0.190084  0.16953 0.151321  0.14935  0.14635 0.144947 0.189332 0.188759 0.189509 0.188451 0.174147 0.161423 0.147563 0.146328 0.144108 0.189649  0.19044 0.189145 0.189574 0.187078 0.149152 0.145128 0.145375 0.141942 0.191183  0.18956 0.189632 0.187941 0.165086 0.148614 0.144997 0.141453 0.142429 0.190165 0.188251 0.189875 0.189574 0.189221 0.145317 0.145082 0.144908  0.14285
0.190706 0.190512 0.185786 0.186424 0.164794 0.149285 0.148595 0.150024  0.18896 0.189746 0.189195 0.152132 0.148248 0.147925 0.147339 0.147989  0.18964 0.189303 0.188473 0.188148 0.181518 0.164715  0.15052 0.149432 0.147616 0.146365  0.18668 0.187773 0.187612 0.188627 0.168003 0.149669 0.147614 0.144262 0.142796  0.18788 0.187308 0.188059 0.186999 0.172685 0.160036 0.146026 0.144539 0.141723 0.188199 0.188991 0.187697  0.18813 0.185649 0.147912 0.144018 0.142997 0.138226 0.189733 0.188112 0.188184 0.186497 0.163908 0.147597 0.144333 0.142429 0.135534 0.188717 0.186804 0.188428 0.188135 0.187797 0.144375 0.144232 0.142094 0.137965
