0.142145  0.14589 0.150527 0.154955 0.192541 0.193704  0.19324 0.194513 0.146733 0.151216 0.154005 0.192376 0.190988 0.192173 0.192152 0.192873 0.151975 0.151985 0.153908 0.155736 0.173379  0.18729 0.191701 0.191898 0.192481 0.192502  0.15269 0.153737 0.155021 0.157516 0.186237 0.193053   0.1922 0.192324 0.188518 0.154494 0.154955 0.155437 0.155503 0.182609 0.189936 0.191253 0.191829 0.191036 0.156935 0.157042 0.156456 0.160285 0.165076 0.192975 0.191876 0.193087 0.189062 0.157206 0.158068 0.157421 0.158422  0.19383 0.194222 0.192412 0.192803 0.192505 0.157543 0.156285 0.158505 0.162142  0.16467 0.193548  0.19338  0.19277 0.192661
 0.14589 0.142484 0.147777 0.152311 0.190121 0.191301 0.190837  0.19211 0.145502 0.148521 0.151395 0.189969 0.188584  0.18977  0.18975 0.190471  0.15014 0.149929 0.151465 0.153262 0.170936 0.184877 0.189297 0.189495 0.190078   0.1901 0.150581 0.151485 0.152662 0.155113 0.183829 0.190651 0.189799 0.189923 0.186117 0.152328 0.152723 0.153161 0.153173 0.180214 0.187542 0.188852 0.189428 0.188635 0.154693 0.154778 0.154171 0.157976 0.162743 0.190575 0.189476 0.190687 0.186662 0.154953 0.155805 0.155145 0.156126 0.191442 0.191824 0.190013 0.190403 0.190105 0.155281 0.154015 0.156224 0.159845  0.16236  0.19115  0.19098  0.19037 0.190261
0.150527 0.147777 0.142543 0.148883 0.189067 0.190405 0.189947 0.191223 0.149143 0.147564 0.148842 0.189047 0.187685 0.188879 0.188863 0.189585 0.152085 0.151454 0.150836 0.151946 0.169693 0.183906 0.188398 0.188605 0.189192 0.189218 0.151626 0.151872 0.152352 0.154336 0.182904 0.189767 0.188919 0.189046  0.18524 0.153111 0.153178 0.153362 0.152996 0.179409 0.186726 0.187981 0.188558 0.187763  0.15507 0.155029 0.154287 0.157915 0.162479 0.189713  0.18861 0.189819 0.185792 0.155265 0.156059 0.155316 0.156156 0.190687 0.190982 0.189151 0.189539 0.189239 0.155536 0.154214 0.156356 0.159861 0.162272 0.190302 0.190119 0.189507 0.189396
0.154955 0.152311 0.148883 0.142585 0.189735 0.191359 0.190912 0.192192 0.153365 0.151903 0.150667 0.189955 0.188634 0.189841 0.189834 0.190557 0.155674 0.154964 0.153491 0.153279 0.170102 0.184734 0.189347 0.189569 0.190162 0.190197 0.154832 0.154718 0.154686  0.15594 0.183827 0.190742 0.189903 0.190034 0.186227  0.15617 0.156024 0.156017 0.155279 0.180554 0.187824 0.188979 0.189556 0.188758 0.157831  0.15769 0.156826 0.160251 0.164502 0.190726 0.189615 0.190823 0.186792 0.157966 0.158711 0.157893 0.158584 0.191882 0.192029 0.190166 0.190549 0.190246 0.158189 0.156816 0.158891  0.16226 0.164518  0.19134 0.191134 0.190517 0.190404
0.192541 0.190121 0.189067 0.189735 0.120929 0.164862 0.165356 0.167001 0.190538 0.190242 0.189772 0.159956  0.16188 0.164122 0.164731 0.165575 0.191559 0.190774 0.189526 0.188706 0.178845  0.16027 0.163283 0.164165 0.165112 0.165718 0.189876 0.188955 0.188904  0.18874 0.170926 0.166499 0.165894 0.166253 0.162385 0.190765 0.189873 0.189221 0.187801 0.178747 0.172939 0.166045 0.166557 0.165509 0.191023 0.190422 0.188933 0.190468 0.187304 0.168753 0.167065 0.168087 0.163816  0.19076 0.191224 0.189922 0.189046 0.179312 0.171715 0.168108 0.168198 0.167714 0.190665 0.188938 0.190456  0.19168 0.189815 0.170474 0.169045 0.168186 0.167951
0.193704 0.191301 0.190405 0.191359 0.164862 0.140456  0.14495 0.147422 0.191668 0.191484 0.191175 0.149909 0.143792 0.144267  0.14532 0.146332 0.192581 0.191794 0.190671 0.190066 0.182528 0.159792 0.148344 0.146276 0.146321 0.147191 0.190824 0.189839 0.189912 0.189872 0.167444 0.150474  0.14872  0.14869 0.144715 0.191664 0.190686 0.189972 0.188586 0.174634 0.162004 0.149833 0.149999 0.148565 0.191733 0.191073 0.189506 0.190751 0.186125 0.153065 0.150848 0.151622 0.147097 0.191409 0.191831 0.190456 0.189296 0.167353 0.156555 0.152129  0.15201 0.151372 0.191264 0.189482 0.190904 0.191679 0.188824 0.155031 0.153009  0.15199 0.151662
 0.19324 0.190837 0.189947 0.190912 0.165356  0.14495 0.140233 0.144224 0.191202 0.191022  0.19072 0.150652 0.144522 0.143242 0.142339 0.143431 0.192111 0.191324 0.190206  0.18961 0.182205  0.15971 0.148217 0.145548 0.144558 0.144726 0.190351 0.189364 0.189442 0.189408 0.167032 0.149558 0.147351 0.146744 0.142686 0.191188 0.190207 0.189491 0.188107  0.17405 0.161044 0.148429 0.148445 0.146847  0.19125 0.190588 0.189017 0.190251 0.185563  0.15167 0.149352 0.150044 0.145434 0.190923 0.191343 0.189966 0.188792  0.16619 0.155158 0.150652 0.150491 0.149811 0.190776 0.188991 0.190409 0.191163 0.188262 0.153605 0.151513 0.150462 0.150111
0.194513  0.19211 0.191223 0.192192 0.167001 0.147422 0.144224 0.137528 0.192474 0.192297 0.191997 0.152446 0.146436 0.145152 0.141444 0.141699 0.193381 0.192595 0.191479 0.190886 0.183541 0.161169 0.149797 0.147069 0.145675 0.144363  0.19162 0.190632 0.190713 0.190681 0.168349 0.150792 0.148361 0.147112 0.142906 0.192457 0.191474 0.190757 0.189374 0.175284 0.162114 0.149301 0.149193 0.147427 0.192515 0.191851 0.190279 0.191508 0.186794 0.152524 0.150136 0.150752 0.146061 0.192187 0.192606 0.191228 0.190049 0.167143 0.155994 0.151443 0.151246  0.15053 0.192039 0.190253 0.191669 0.192414 0.189492 0.154425 0.152285 0.151209 0.150838
0.146733 0.145502 0.149143 0.153365 0.190538 0.191668 0.191202 0.192474 0.142462  0.14974 0.152354 0.190345 0.188952 0.190136 0.190114 0.190835 0.148872  0.14929 0.151944 0.153828 0.171419 0.185269 0.189665  0.18986 0.190442 0.190462 0.150094 0.151412 0.152898 0.155478 0.184207 0.191014  0.19016 0.190283 0.186477 0.152006 0.152592 0.153157 0.153326 0.180554 0.187883 0.189211 0.189787 0.188994 0.154591 0.154739 0.154194 0.158068 0.162904 0.190931 0.189834 0.191045  0.18702 0.154882 0.155762 0.155141  0.15618 0.191763 0.192174 0.190368  0.19076 0.190462 0.155237 0.153996 0.156235 0.159903 0.162455 0.191502 0.191336 0.190727 0.190618
0.151216 0.148521 0.147564 0.151903 0.190242 0.191484 0.191022 0.192297  0.14974 0.144989 0.150637 0.190142 0.188766 0.189955 0.189936 0.190658 0.152528 0.151828 0.151092 0.153051 0.170968 0.185029 0.189479  0.18968 0.190265 0.190289 0.152014 0.152278 0.152918 0.155233 0.183996 0.190839 0.189988 0.190113 0.186307  0.15351 0.153608 0.153839 0.153602 0.180426 0.187756 0.189045 0.189622 0.188827 0.155531 0.155516  0.15481  0.15851 0.163187 0.190771 0.189671 0.190881 0.186855 0.155743 0.156551  0.15583 0.156719 0.191683 0.192029  0.19021 0.190599   0.1903 0.156029 0.154722 0.156884 0.160435 0.162899 0.191353 0.191177 0.190566 0.190456
0.154005 0.151395 0.148842 0.150667 0.189772 0.191175  0.19072 0.191997 0.152354 0.150637 0.145705 0.189806 0.188454 0.189651 0.189638  0.19036 0.154508 0.153762 0.151604 0.151827 0.170265 0.184639 0.189166 0.189378 0.189966 0.189995 0.153584 0.153414 0.153313 0.154925 0.183649 0.190542 0.189697 0.189825 0.186019 0.154908 0.154757 0.154758 0.154086 0.180203 0.187531 0.188763  0.18934 0.188544 0.156589 0.156458 0.155617 0.159118 0.163564 0.190499 0.189393 0.190602 0.186574 0.156736 0.157489 0.156685 0.157426 0.191525 0.191777 0.189938 0.190324 0.190023 0.156968 0.155605 0.157698 0.161124 0.163473 0.191095 0.190905 0.190292  0.19018
0.192376 0.189969 0.189047 0.189955 0.159956 0.149909 0.150652 0.152446 0.190345 0.190142 0.189806 0.137345 0.146196  0.14928 0.150215 0.151114 0.191275 0.190489 0.189343   0.1887 0.180572  0.15653  0.14819 0.149431   0.1506 0.151488 0.189531 0.188556 0.188606 0.188538 0.165851 0.152572 0.151897 0.152346 0.148449 0.190379 0.189415 0.188712 0.187316 0.173809 0.162861 0.152589 0.153018 0.151839 0.190482 0.189831 0.188278 0.189572 0.185204 0.155655 0.153704 0.154631 0.150254 0.190168 0.190598 0.189236 0.188128 0.168939 0.159058 0.154905 0.154886 0.154329 0.190032  0.18826   0.1897 0.190561 0.187903 0.157634 0.155822 0.154876 0.154594
0.190988 0.188584 0.187685 0.188634  0.16188 0.143792 0.144522 0.146436 0.188952 0.188766 0.188454 0.146196 0.137955 0.142923 0.144241 0.145197 0.189867  0.18908 0.187954 0.187345 0.179735 0.156773 0.144715  0.14351 0.144661 0.145782 0.188111 0.187128 0.187198 0.187154 0.164613 0.147822 0.146536 0.146925 0.143003 0.188952 0.187976 0.187263 0.185875 0.171932 0.159511 0.147651  0.14794 0.146629 0.189025 0.188366   0.1868 0.188052 0.183454 0.150879 0.148742  0.14958 0.145118 0.188702 0.189125 0.187752 0.186598 0.165027 0.154379 0.150009 0.149924 0.149316 0.188558 0.186777 0.188201 0.188987 0.186156 0.152876 0.150904 0.149909 0.149598
0.192173  0.18977 0.188879 0.189841 0.164122 0.144267 0.143242 0.145152 0.190136 0.189955 0.189651  0.14928 0.142923 0.140382 0.142984    0.144 0.191045 0.190259 0.189139 0.188541 0.181101 0.158513 0.146789 0.143949 0.143625 0.144843 0.189286   0.1883 0.188376 0.188341 0.165915 0.148358 0.146378 0.146359 0.142389 0.190124 0.189144 0.188428 0.187044 0.172993 0.160084 0.147595 0.147725 0.146268 0.190188 0.189526 0.187956 0.189193  0.18452 0.150859 0.148601 0.149357 0.144816 0.189861 0.190282 0.188905 0.187735 0.165319 0.154366 0.149896 0.149764 0.149115 0.189715 0.187931  0.18935 0.190109  0.18722 0.152827 0.150772 0.149743 0.149408
0.192152  0.18975 0.188863 0.189834 0.164731  0.14532 0.142339 0.141444 0.190114 0.189936 0.189638 0.150215 0.144241 0.142984  0.13777 0.139602  0.19102 0.190233 0.189118 0.188527 0.181196 0.158857 0.147524 0.144797 0.143348 0.141536 0.189259  0.18827 0.188351 0.188321 0.166002 0.148434 0.145951 0.144497 0.140249 0.190095 0.189112 0.188395 0.187012 0.172915 0.159703 0.146841 0.146696 0.144879 0.190153 0.189489 0.187916 0.189144 0.184423 0.150058 0.147649 0.148242 0.143527 0.189824 0.190243 0.188864 0.187684 0.164701 0.153522 0.148957 0.148751 0.148023 0.189676  0.18789 0.189306 0.190048 0.187121 0.151947 0.149795 0.148711 0.148334
0.192873 0.190471 0.189585 0.190557 0.165575 0.146332 0.143431 0.141699 0.190835 0.190658  0.19036 0.151114 0.145197    0.144 0.139602 0.128355 0.191741 0.190954 0.189839 0.189249  0.18194 0.159648 0.148383 0.145693  0.14428 0.141066 0.189979  0.18899 0.189072 0.189042 0.166745 0.149188 0.146656 0.144787 0.140351 0.190815 0.189831 0.189114 0.187731 0.173626 0.160357 0.147436 0.147221 0.145296 0.190871 0.190207 0.188634  0.18986  0.18513 0.150635 0.148191 0.148735 0.143969 0.190542 0.190961 0.189582 0.188399 0.165307 0.154084 0.149499 0.149272 0.148522 0.190394 0.188607 0.190022 0.190762 0.187827 0.152502 0.150326 0.149227 0.148839
0.151975  0.15014 0.152085 0.155674 0.191559 0.192581 0.192111 0.193381 0.148872 0.152528 0.154508 0.191275 0.189867 0.191045  0.19102 0.191741 0.143127 0.149222  0.15319 0.155191 0.172582 0.186236  0.19058 0.190769 0.191349 0.191366 0.148754 0.151389 0.153583 0.156404 0.185144 0.191919 0.191062 0.191183 0.187377 0.151209 0.152371 0.153272 0.153805  0.18141  0.18874 0.190107 0.190683 0.189891 0.154429 0.154745 0.154356 0.158389 0.163371  0.19182 0.190726 0.191938 0.187915 0.154798 0.155751 0.155229 0.156412 0.192575 0.193049 0.191257 0.191651 0.191354 0.155221 0.154046 0.156362 0.160141 0.162776 0.192381 0.192225 0.191617 0.191509
0.151985 0.149929 0.151454 0.154964 0.190774 0.191794 0.191324 0.192595  0.14929 0.151828 0.153762 0.190489  0.18908 0.190259 0.190233 0.190954 0.149222 0.145325  0.15228 0.154369 0.171794 0.185449 0.189793 0.189983 0.190562 0.190579 0.148818 0.150565 0.152704 0.155578 0.184356 0.191132 0.190275 0.190396  0.18659 0.150873 0.151697 0.152482 0.152975 0.180619 0.187953  0.18932 0.189896 0.189104 0.153767 0.154019 0.153587 0.157601 0.162583 0.191033 0.189939 0.191151 0.187128 0.154113  0.15504 0.154488 0.155641 0.191788 0.192263  0.19047 0.190864 0.190567 0.154514 0.153318 0.155614 0.159373 0.162003 0.191594 0.191438  0.19083 0.190722
0.153908 0.151465 0.150836 0.153491 0.189526 0.190671 0.190206 0.191479 0.151944 0.151092 0.151604 0.189343 0.187954 0.189139 0.189118 0.189839  0.15319  0.15228 0.145759 0.151641 0.170314 0.184254 0.188666 0.188864 0.189446 0.189467 0.151754 0.151176 0.150941   0.1539 0.183183 0.190018 0.189165 0.189289 0.185483 0.152948 0.152671 0.152634  0.15218 0.179532 0.186894 0.188218 0.188794 0.188001 0.154561 0.154426 0.153618 0.157279 0.162039 0.189939 0.188841 0.190052 0.186027 0.154724 0.155483 0.154699 0.155528 0.190795 0.191187 0.189377 0.189768  0.18947 0.154966 0.153618 0.155738  0.15926 0.161751 0.190513 0.190345 0.189735 0.189626
0.155736 0.153262 0.151946 0.153279 0.188706 0.190066  0.18961 0.190886 0.153828 0.153051 0.151827   0.1887 0.187345 0.188541 0.188527 0.189249 0.155191 0.154369 0.151641 0.145779 0.169046 0.183525 0.188056 0.188267 0.188855 0.188883 0.153771 0.153088 0.151804 0.152363 0.182491  0.18943 0.188585 0.188713 0.184906  0.15489 0.154435 0.154141 0.152842 0.178999 0.186402 0.187649 0.188227 0.187431 0.156155 0.155881 0.154869 0.158149  0.16249 0.189385  0.18828  0.18949 0.185462 0.156222 0.156909 0.156006 0.156584 0.190414 0.190664 0.188825 0.189212  0.18891 0.156389 0.154961 0.156974 0.160285 0.162575 0.189983 0.189793 0.189179 0.189068
0.173379 0.170936 0.169693 0.170102 0.178845 0.182528 0.182205 0.183541 0.171419 0.170968 0.170265 0.180572 0.179735 0.181101 0.181196  0.18194 0.172582 0.171794 0.170314 0.169046 0.121574 0.173117 0.180375 0.180838  0.18152 0.181663 0.170999 0.170156 0.169823 0.169161 0.172164 0.182107 0.181413 0.181614 0.177799 0.171963 0.171205 0.170634  0.16903 0.173099 0.180761 0.180667 0.181266 0.180436 0.172542 0.172036 0.170675  0.17273 0.172592 0.182633 0.181423 0.182604 0.178529  0.17239 0.172926 0.171755 0.171433 0.186516 0.184441 0.182107 0.182421 0.182079 0.172382 0.170759 0.172459 0.174598  0.17478 0.183617 0.183074 0.182397 0.182257
 0.18729 0.184877 0.183906 0.184734  0.16027 0.159792  0.15971 0.161169 0.185269 0.185029 0.184639  0.15653 0.156773 0.158513 0.158857 0.159648 0.186236 0.185449 0.184254 0.183525 0.173117 0.123229  0.15684 0.158195 0.159152 0.159568 0.184516 0.183561 0.183553 0.183401 0.155522 0.159615 0.159395 0.159795 0.155961 0.185381 0.184449 0.183765  0.18233 0.168692 0.163977 0.159107 0.159761  0.15885 0.185558 0.184929 0.183404 0.184803 0.181037 0.161643 0.160155 0.161271 0.157086  0.18527 0.185716 0.184384 0.183403 0.171862 0.164611 0.161152 0.161302 0.160867 0.185154 0.183405 0.184887 0.185966 0.183821 0.163435 0.162113 0.161296 0.161089
0.191701 0.189297 0.188398 0.189347 0.163283 0.148344 0.148217 0.149797 0.189665 0.189479 0.189166  0.14819 0.144715 0.146789 0.147524 0.148383  0.19058 0.189793 0.188666 0.188056 0.180375  0.15684 0.137808 0.145683 0.147625  0.14859 0.188825 0.187841  0.18791 0.187862 0.164782 0.148061 0.148423 0.149223  0.14536 0.189666  0.18869 0.187977 0.186587  0.17241  0.16021 0.149138 0.149703  0.14861 0.189741 0.189082 0.187516 0.188768 0.184179 0.152315 0.150381  0.15135 0.147009 0.189418 0.189841 0.188469 0.187318 0.166217  0.15586 0.151611 0.151596 0.151052 0.189275 0.187494 0.188919 0.189712 0.186902 0.154403 0.152538 0.151593 0.151317
0.191898 0.189495 0.188605 0.189569 0.164165 0.146276 0.145548 0.147069  0.18986  0.18968 0.189378 0.149431  0.14351 0.143949 0.144797 0.145693 0.190769 0.189983 0.188864 0.188267 0.180838 0.158195 0.145683 0.140472 0.144467 0.146015  0.18901 0.188023   0.1881 0.188065 0.165531  0.14692  0.14567 0.146817 0.142952 0.189847 0.188866 0.188151 0.186766 0.172639 0.159685 0.147217 0.147593 0.146386  0.18991 0.189247 0.187677 0.188912 0.184229 0.150558 0.148407 0.149282  0.14486 0.189583 0.190003 0.188626 0.187455 0.165036 0.154127 0.149699 0.149618 0.149024 0.189437 0.187652  0.18907 0.189828 0.186935 0.152604 0.150602  0.14961 0.149305
0.192481 0.190078 0.189192 0.190162 0.165112 0.146321 0.144558 0.145675 0.190442 0.190265 0.189966   0.1506 0.144661 0.143625 0.143348  0.14428 0.191349 0.190562 0.189446 0.188855  0.18152 0.159152 0.147625 0.144467 0.140258 0.144752 0.189587 0.188599  0.18868 0.188649  0.16629 0.148395  0.14561 0.145875 0.142001 0.190424  0.18944 0.188723  0.18734  0.17322 0.160006 0.147097 0.147163 0.145739 0.190481 0.189817 0.188245 0.189473 0.184752 0.150409 0.148089 0.148838 0.144301 0.190153 0.190572 0.189193 0.188013 0.165073 0.153933 0.149408 0.149263 0.148609 0.190005 0.188219 0.189634 0.190378 0.187451 0.152374 0.150281 0.149243 0.148905
0.192502   0.1901 0.189218 0.190197 0.165718 0.147191 0.144726 0.144363 0.190462 0.190289 0.189995 0.151488 0.145782 0.144843 0.141536 0.141066 0.191366 0.190579 0.189467 0.188883 0.181663 0.159568  0.14859 0.146015 0.144752 0.135881 0.189602 0.188612 0.188697 0.188672 0.166462 0.148935 0.146172 0.142613 0.137448 0.190437 0.189451 0.188732 0.187351 0.173209 0.159701 0.146517 0.146016 0.143609 0.190488 0.189822 0.188247 0.189466 0.184698  0.14964 0.147047 0.147387 0.142395 0.190157 0.190575 0.189194 0.188003 0.164444  0.15303 0.148356 0.148043 0.147196 0.190008  0.18822 0.189632 0.190358 0.187392 0.151414 0.149137 0.147973 0.147533
 0.15269 0.150581 0.151626 0.154832 0.189876 0.190824 0.190351  0.19162 0.150094 0.152014 0.153584 0.189531 0.188111 0.189286 0.189259 0.189979 0.148754 0.148818 0.151754 0.153771 0.170999 0.184516 0.188825  0.18901 0.189587 0.189602 0.144849 0.149009 0.151735 0.154687 0.183405 0.190157 0.189297 0.189417 0.185611 0.147967 0.149752 0.150964 0.151777 0.179616 0.186946 0.188338 0.188914 0.188123 0.151842 0.152319 0.152068 0.156226 0.161309 0.190047 0.188955 0.190168 0.186145  0.15228 0.153303 0.152871 0.154173 0.190749 0.191267 0.189483 0.189879 0.189582 0.152768 0.151653 0.154036 0.157906 0.160601 0.190601 0.190451 0.189845 0.189737
0.153737 0.151485 0.151872 0.154718 0.188955 0.189839 0.189364 0.190632 0.151412 0.152278 0.153414 0.188556 0.187128   0.1883  0.18827  0.18899 0.151389 0.150565 0.151176 0.153088 0.170156 0.183561 0.187841 0.188023 0.188599 0.188612 0.149009 0.145701 0.150547 0.153653 0.182429 0.189167 0.188305 0.188424 0.184619  0.14969 0.148789 0.149156 0.150353 0.178589 0.185928 0.187343 0.187919 0.187128 0.151165 0.151149 0.150688  0.15488  0.16006 0.189049 0.187958 0.189172  0.18515 0.151466   0.1523 0.151679 0.152869  0.18971 0.190261 0.188485 0.188881 0.188585 0.151798 0.150553 0.152823 0.156624 0.159342 0.189597 0.189453 0.188847  0.18874
0.155021 0.152662 0.152352 0.154686 0.188904 0.189912 0.189442 0.190713 0.152898 0.152918 0.153313 0.188606 0.187198 0.188376 0.188351 0.189072 0.153583 0.152704 0.150941 0.151804 0.169823 0.183553  0.18791   0.1881  0.18868 0.188697 0.151735 0.150547 0.145779 0.152299 0.182429 0.189249 0.188393 0.188514 0.184709 0.152693 0.152018 0.151504 0.150175  0.17866 0.186064 0.187438 0.188015 0.187223  0.15376 0.153422 0.152387 0.155887 0.160775 0.189153 0.188058 0.189271 0.185247 0.153822 0.154493 0.153582 0.154253 0.189928 0.190386  0.18859 0.188984 0.188686  0.15398  0.15255 0.154578 0.158014 0.160532 0.189717 0.189558  0.18895 0.188842
0.157516 0.155113 0.154336  0.15594  0.18874 0.189872 0.189408 0.190681 0.155478 0.155233 0.154925 0.188538 0.187154 0.188341 0.188321 0.189042 0.156404 0.155578   0.1539 0.152363 0.169161 0.183401 0.187862 0.188065 0.188649 0.188672 0.154687 0.153653 0.152299  0.14523 0.182242 0.189218  0.18837 0.188495 0.184689 0.155632 0.154869 0.154221  0.15158 0.178522 0.186091 0.187424 0.188002 0.187209 0.156383 0.155917 0.154629 0.157454 0.161728  0.18915 0.188051 0.189262 0.185236 0.156328 0.156918  0.15586 0.156155 0.190082 0.190412 0.188591  0.18898 0.188681 0.156396 0.154866  0.15675 0.159877 0.162117 0.189736 0.189559 0.188947 0.188837
0.186237 0.183829 0.182904 0.183827 0.170926 0.167444 0.167032 0.168349 0.184207 0.183996 0.183649 0.165851 0.164613 0.165915 0.166002 0.166745 0.185144 0.184356 0.183183 0.182491 0.172164 0.155522 0.164782 0.165531  0.16629 0.166462 0.183405 0.182429 0.182429 0.182242 0.122654 0.166476 0.166108 0.166403 0.162595  0.18426  0.18331 0.182606 0.181131 0.160144 0.165543  0.16534 0.166045 0.165246 0.184407 0.183767 0.182223 0.183556 0.179566 0.167496  0.16627  0.16747  0.16338 0.184111 0.184552 0.183211 0.182213 0.175008 0.170009 0.167109 0.167364 0.166996  0.18399 0.182236 0.183711 0.184804 0.182773 0.169035 0.168089 0.167355 0.167192
0.193053 0.190651 0.189767 0.190742 0.166499 0.150474 0.149558 0.150792 0.191014 0.190839 0.190542 0.152572 0.147822 0.148358 0.148434 0.149188 0.191919 0.191132 0.190018  0.18943 0.182107 0.159615 0.148061  0.14692 0.148395 0.148935 0.190157 0.189167 0.189249 0.189218 0.166476 0.140521 0.147474 0.148919 0.145139 0.190993 0.190008  0.18929 0.187906 0.173526 0.160192 0.147623 0.148759 0.147945 0.191048 0.190383  0.18881 0.190033 0.185293 0.151153 0.149342 0.150465 0.146259 0.190719 0.191138 0.189758 0.188575 0.165814  0.15493 0.150598 0.150635 0.150153 0.190571 0.188784 0.190199  0.19094 0.188013 0.153444 0.151563 0.150652 0.150406
  0.1922 0.189799 0.188919 0.189903 0.165894  0.14872 0.147351 0.148361  0.19016 0.189988 0.189697 0.151897 0.146536 0.146378 0.145951 0.146656 0.191062 0.190275 0.189165 0.188585 0.181413 0.159395 0.148423  0.14567  0.14561 0.146172 0.189297 0.188305 0.188393  0.18837 0.166108 0.147474 0.140393 0.145825 0.142134 0.190131 0.189143 0.188423 0.187043 0.172808 0.159095 0.145267 0.145717  0.14489 0.190179 0.189512 0.187936 0.189149 0.184356 0.148902 0.146628  0.14761 0.143322 0.189847 0.190264 0.188881 0.187686 0.163956 0.152558 0.148002 0.147928 0.147374 0.189697 0.187908 0.189318 0.190037 0.187055 0.150989 0.148923  0.14794 0.147652
0.192324 0.189923 0.189046 0.190034 0.166253  0.14869 0.146744 0.147112 0.190283 0.190113 0.189825 0.152346 0.146925 0.146359 0.144497 0.144787 0.191183 0.190396 0.189289 0.188713 0.181614 0.159795 0.149223 0.146817 0.145875 0.142613 0.189417 0.188424 0.188514 0.188495 0.166403 0.148919 0.145825 0.137543  0.13696  0.19025  0.18926  0.18854 0.187161 0.172967 0.159125  0.14555 0.144651  0.14179 0.190294 0.189626 0.188048 0.189256 0.184435 0.148588 0.145804 0.145931  0.14073 0.189961 0.190377 0.188993 0.187791 0.163591 0.151916 0.147129  0.14672 0.145773 0.189809 0.188019 0.189427 0.190135 0.187125 0.150259 0.147861 0.146627 0.146133
0.188518 0.186117  0.18524 0.186227 0.162385 0.144715 0.142686 0.142906 0.186477 0.186307 0.186019 0.148449 0.143003 0.142389 0.140249 0.140351 0.187377  0.18659 0.185483 0.184906 0.177799 0.155961  0.14536 0.142952 0.142001 0.137448 0.185611 0.184619 0.184709 0.184689 0.162595 0.145139 0.142134  0.13696 0.128355 0.186444 0.185455 0.184735 0.183356 0.169171 0.155361 0.141861 0.140961 0.137777 0.186489 0.185821 0.184244 0.185453 0.180635 0.144865 0.142058 0.142081 0.136721 0.186156 0.186573 0.185189 0.183988 0.159826 0.148159  0.14336 0.142916 0.141915 0.186005 0.184215 0.185623 0.186332 0.183326 0.146497 0.144069 0.142806 0.142284
0.154494 0.152328 0.153111  0.15617 0.190765 0.191664 0.191188 0.192457 0.152006  0.15351 0.154908 0.190379 0.188952 0.190124 0.190095 0.190815 0.151209 0.150873 0.152948  0.15489 0.171963 0.185381 0.189666 0.189847 0.190424 0.190437 0.147967  0.14969 0.152693 0.155632  0.18426 0.190993 0.190131  0.19025 0.186444 0.144284 0.149868 0.151493 0.152539 0.180438  0.18776 0.189169 0.189745 0.188954 0.151688 0.152548 0.152503 0.156789  0.16194 0.190875 0.189785 0.190998 0.186976 0.152244 0.153426 0.153166 0.154637  0.19154 0.192088 0.190311 0.190707 0.190412 0.152869 0.151873  0.15437 0.158363 0.161113 0.191424 0.191279 0.190674 0.190566
0.154955 0.152723 0.153178 0.156024 0.189873 0.190686 0.190207 0.191474 0.152592 0.153608 0.154757 0.189415 0.187976 0.189144 0.189112 0.189831 0.152371 0.151697 0.152671 0.154435 0.171205 0.184449  0.18869 0.188866  0.18944 0.189451 0.149752 0.148789 0.152018 0.154869  0.18331 0.190008 0.189143  0.18926 0.185455 0.149868 0.144519 0.149647 0.151446 0.179429 0.186739 0.188177 0.188752 0.187963 0.149728 0.150174 0.150713 0.155308  0.16059 0.189878  0.18879 0.190003 0.185983 0.150473  0.15147 0.151256 0.152994 0.190476 0.191078 0.189313 0.189711 0.189416 0.151002 0.149989 0.152559 0.156716 0.159561 0.190417 0.190281 0.189677  0.18957
0.155437 0.153161 0.153362 0.156017 0.189221 0.189972 0.189491 0.190757 0.153157 0.153839 0.154758 0.188712 0.187263 0.188428 0.188395 0.189114 0.153272 0.152482 0.152634 0.154141 0.170634 0.183765 0.187977 0.188151 0.188723 0.188732 0.150964 0.149156 0.151504 0.154221 0.182606  0.18929 0.188423  0.18854 0.184735 0.151493 0.149647 0.144982 0.150348 0.178672 0.185993 0.187454 0.188029  0.18724 0.151234 0.150147 0.149318 0.154161 0.159593 0.189151 0.188065 0.189279  0.18526 0.151209 0.151714 0.150762 0.151998  0.18971 0.190345 0.188586 0.188985 0.188691 0.151275 0.149817 0.151946 0.155786 0.158627 0.189686 0.189554 0.188951 0.188845
0.155503 0.153173 0.152996 0.155279 0.187801 0.188586 0.188107 0.189374 0.153326 0.153602 0.154086 0.187316 0.185875 0.187044 0.187012 0.187731 0.153805 0.152975  0.15218 0.152842  0.16903  0.18233 0.186587 0.186766  0.18734 0.187351 0.151777 0.150353 0.150175  0.15158 0.181131 0.187906 0.187043 0.187161 0.183356 0.152539 0.151446 0.150348 0.144161 0.177162 0.184619 0.186078 0.186653 0.185864 0.152775 0.152101 0.150516  0.15329 0.158479  0.18778 0.186692 0.187906 0.183885 0.152612 0.153109  0.15191 0.152093 0.188416 0.188988 0.187217 0.187614 0.187319  0.15259 0.150975  0.15277 0.155925 0.158454 0.188326 0.188185  0.18758 0.187473
0.182609 0.180214 0.179409 0.180554 0.178747 0.174634  0.17405 0.175284 0.180554 0.180426 0.180203 0.173809 0.171932 0.172993 0.172915 0.173626  0.18141 0.180619 0.179532 0.178999 0.173099 0.168692  0.17241 0.172639  0.17322 0.173209 0.179616 0.178589  0.17866 0.178522 0.160144 0.173526 0.172808 0.172967 0.169171 0.180438 0.179429 0.178672 0.177162 0.122561 0.167461 0.171735 0.172397 0.171652 0.180467 0.179786 0.178183 0.179273 0.174121  0.17348 0.172461 0.173705 0.169689 0.180137 0.180553 0.179169 0.178033 0.176648 0.175201 0.173088 0.173455  0.17315 0.179988 0.178203 0.179631 0.180586 0.178442 0.174499 0.174072 0.173433 0.173315
0.189936 0.187542 0.186726 0.187824 0.172939 0.162004 0.161044 0.162114 0.187883 0.187756 0.187531 0.162861 0.159511 0.160084 0.159703 0.160357  0.18874 0.187953 0.186894 0.186402 0.180761 0.163977  0.16021 0.159685 0.160006 0.159701 0.186946 0.185928 0.186064 0.186091 0.165543 0.160192 0.159095 0.159125 0.155361  0.18776 0.186739 0.185993 0.184619 0.167461 0.124197 0.157379  0.15815 0.157574 0.187735 0.187045 0.185436 0.186517 0.181001 0.158589 0.158065 0.159438 0.155526  0.18738 0.187782 0.186371  0.18507 0.163627 0.160582 0.158661 0.159098 0.158852 0.187211 0.185401 0.186777 0.187349 0.184106 0.160132 0.159687  0.15909 0.159002
0.191253 0.188852 0.187981 0.188979 0.166045 0.149833 0.148429 0.149301 0.189211 0.189045 0.188763 0.152589 0.147651 0.147595 0.146841 0.147436 0.190107  0.18932 0.188218 0.187649 0.180667 0.159107 0.149138 0.147217 0.147097 0.146517 0.188338 0.187343 0.187438 0.187424  0.16534 0.147623 0.145267  0.14555 0.141861 0.189169 0.188177 0.187454 0.186078 0.171735 0.157379 0.140515 0.144214 0.143927 0.189207 0.188537 0.186956 0.188154 0.183278 0.146347 0.144584 0.146023 0.142073 0.188872 0.189287   0.1879 0.186687 0.162057 0.150406 0.145928 0.146051 0.145685 0.188719 0.186926 0.188331 0.189022 0.185976 0.148866 0.146957 0.146106 0.145916
0.191829 0.189428 0.188558 0.189556 0.166557 0.149999 0.148445 0.149193 0.189787 0.189622  0.18934 0.153018  0.14794 0.147725 0.146696 0.147221 0.190683 0.189896 0.188794 0.188227 0.181266 0.159761 0.149703 0.147593 0.147163 0.146016 0.188914 0.187919 0.188015 0.188002 0.166045 0.148759 0.145717 0.144651 0.140961 0.189745 0.188752 0.188029 0.186653 0.172397  0.15815 0.144214 0.140278 0.142485 0.189781 0.189111  0.18753 0.188727 0.183846 0.147027 0.143917 0.144636 0.140835 0.189445  0.18986 0.188473 0.187259 0.162359 0.150426 0.145567 0.145301 0.144727 0.189292 0.187499 0.188904  0.18959 0.186533 0.148753 0.146422 0.145352  0.14505
0.191036 0.188635 0.187763 0.188758 0.165509 0.148565 0.146847 0.147427 0.188994 0.188827 0.188544 0.151839 0.146629 0.146268 0.144879 0.145296 0.189891 0.189104 0.188001 0.187431 0.180436  0.15885  0.14861 0.146386 0.145739 0.143609 0.188123 0.187128 0.187223 0.187209 0.165246 0.147945  0.14489  0.14179 0.137777 0.188954 0.187963  0.18724 0.185864 0.171652 0.157574 0.143927 0.142485 0.135784 0.188993 0.188323 0.186743 0.187943 0.183078 0.146676 0.143515 0.142713  0.13716 0.188658 0.189073 0.187686 0.186475   0.1617 0.149751 0.144764 0.144052 0.142804 0.188505 0.186713 0.188118 0.188809 0.185763 0.148016 0.145331  0.14389 0.143246
0.156935 0.154693  0.15507 0.157831 0.191023 0.191733  0.19125 0.192515 0.154591 0.155531 0.156589 0.190482 0.189025 0.190188 0.190153 0.190871 0.154429 0.153767 0.154561 0.156155 0.172542 0.185558 0.189741  0.18991 0.190481 0.190488 0.151842 0.151165  0.15376 0.156383 0.184407 0.191048 0.190179 0.190294 0.186489 0.151688 0.149728 0.151234 0.152775 0.180467 0.187735 0.189207 0.189781 0.188993 0.143448 0.149574 0.150884 0.155797 0.161194   0.1909 0.189816  0.19103 0.187011 0.147121 0.149069  0.15035 0.153005 0.191409 0.192084 0.190334 0.190735 0.190441 0.148549 0.148409 0.151813 0.156654 0.159692 0.191427 0.191303   0.1907 0.190595
0.157042 0.154778 0.155029  0.15769 0.190422 0.191073 0.190588 0.191851 0.154739 0.155516 0.156458 0.189831 0.188366 0.189526 0.189489 0.190207 0.154745 0.154019 0.154426 0.155881 0.172036 0.184929 0.189082 0.189247 0.189817 0.189822 0.152319 0.151149 0.153422 0.155917 0.183767 0.190383 0.189512 0.189626 0.185821 0.152548 0.150174 0.150147 0.152101 0.179786 0.187045 0.188537 0.189111 0.188323 0.149574 0.144869 0.149217 0.154752 0.160268 0.190226 0.189143 0.190358  0.18634 0.149383 0.149401 0.149018 0.151867 0.190689 0.191402  0.18966 0.190061 0.189768 0.149324 0.148053 0.150805 0.155545  0.15864 0.190747 0.190628 0.190027 0.189922
0.156456 0.154171 0.154287 0.156826 0.188933 0.189506 0.189017 0.190279 0.154194  0.15481 0.155617 0.188278   0.1868 0.187956 0.187916 0.188634 0.154356 0.153587 0.153618 0.154869 0.170675 0.183404 0.187516 0.187677 0.188245 0.188247 0.152068 0.150688 0.152387 0.154629 0.182223  0.18881 0.187936 0.188048 0.184244 0.152503 0.150713 0.149318 0.150516 0.178183 0.185436 0.186956  0.18753 0.186743 0.150884 0.149217 0.144281  0.15254 0.158309 0.188641  0.18756 0.188776 0.184759 0.150215 0.150287 0.148343 0.149702 0.189045 0.189806 0.188074 0.188477 0.188185 0.149818 0.147867 0.149558 0.153522 0.156642 0.189154 0.189042 0.188442 0.188338
0.160285 0.157976 0.157915 0.160251 0.190468 0.190751 0.190251 0.191508 0.158068  0.15851 0.159118 0.189572 0.188052 0.189193 0.189144  0.18986 0.158389 0.157601 0.157279 0.158149  0.17273 0.184803 0.188768 0.188912 0.189473 0.189466 0.156226  0.15488 0.155887 0.157454 0.183556 0.190033 0.189149 0.189256 0.185453 0.156789 0.155308 0.154161  0.15329 0.179273 0.186517 0.188154 0.188727 0.187943 0.155797 0.154752  0.15254 0.143296 0.156722 0.189821 0.188749 0.189968 0.185954 0.155153 0.155346 0.153561 0.150929 0.190017 0.190949 0.189253 0.189661 0.189373  0.15476 0.152707 0.153752 0.155121 0.157549 0.190308 0.190221 0.189626 0.189524
0.165076 0.162743 0.162479 0.164502 0.187304 0.186125 0.185563 0.186794 0.162904 0.163187 0.163564 0.185204 0.183454  0.18452 0.184423  0.18513 0.163371 0.162583 0.162039  0.16249 0.172592 0.181037 0.184179 0.184229 0.184752 0.184698 0.161309  0.16006 0.160775 0.161728 0.179566 0.185293 0.184356 0.184435 0.180635  0.16194  0.16059 0.159593 0.158479 0.174121 0.181001 0.183278 0.183846 0.183078 0.161194 0.160268 0.158309 0.156722 0.121417  0.18485 0.183827 0.185058 0.181064 0.160608 0.160853  0.15916 0.156709 0.183938 0.185781 0.184277 0.184714 0.184442 0.160258 0.158243 0.159288 0.159014 0.157196   0.1852 0.185247 0.184676 0.184585
0.192975 0.190575 0.189713 0.190726 0.168753 0.153065  0.15167 0.152524 0.190931 0.190771 0.190499 0.155655 0.150879 0.150859 0.150058 0.150635  0.19182 0.191033 0.189939 0.189385 0.182633 0.161643 0.152315 0.150558 0.150409  0.14964 0.190047 0.189049 0.189153  0.18915 0.167496 0.151153 0.148902 0.148588 0.144865 0.190875 0.189878 0.189151  0.18778  0.17348 0.158589 0.146347 0.147027 0.146676   0.1909 0.190226 0.188641 0.189821  0.18485 0.140686 0.146591 0.148194 0.144463 0.190561 0.190973 0.189581 0.188348 0.162343 0.150191 0.147028 0.147662 0.147534 0.190404 0.188608 0.190006 0.190662 0.187534 0.149117 0.148193 0.147681 0.147656
0.191876 0.189476  0.18861 0.189615 0.167065 0.150848 0.149352 0.150136 0.189834 0.189671 0.189393 0.153704 0.148742 0.148601 0.147649 0.148191 0.190726 0.189939 0.188841  0.18828 0.181423 0.160155 0.150381 0.148407 0.148089 0.147047 0.188955 0.187958 0.188058 0.188051  0.16627 0.149342 0.146628 0.145804 0.142058 0.189785  0.18879 0.188065 0.186692 0.172461 0.158065 0.144584 0.143917 0.143515 0.189816 0.189143  0.18756 0.188749 0.183827 0.146591  0.14029 0.144223 0.141015 0.189478 0.189891 0.188501 0.187278 0.161724  0.14939  0.14399   0.1438 0.143845 0.189323 0.187528 0.188929 0.189599 0.186503 0.147582 0.145019 0.144118 0.144054
0.193087 0.190687 0.189819 0.190823 0.168087 0.151622 0.150044 0.150752 0.191045 0.190881 0.190602 0.154631  0.14958 0.149357 0.148242 0.148735 0.191938 0.191151 0.190052  0.18949 0.182604 0.161271  0.15135 0.149282 0.148838 0.147387 0.190168 0.189172 0.189271 0.189262  0.16747 0.150465  0.14761 0.145931 0.142081 0.190998 0.190003 0.189279 0.187906 0.173705 0.159438 0.146023 0.144636 0.142713  0.19103 0.190358 0.188776 0.189968 0.185058 0.148194 0.144223 0.139874  0.13949 0.190693 0.191107 0.189718 0.188496  0.16305 0.150719 0.145344 0.143909 0.142752 0.190538 0.188744 0.190146  0.19082 0.187732 0.148844 0.145619 0.143967 0.143444
0.189062 0.186662 0.185792 0.186792 0.163816 0.147097 0.145434 0.146061  0.18702 0.186855 0.186574 0.150254 0.145118 0.144816 0.143527 0.143969 0.187915 0.187128 0.186027 0.185462 0.178529 0.157086 0.147009  0.14486 0.144301 0.142395 0.186145  0.18515 0.185247 0.185236  0.16338 0.146259 0.143322  0.14073 0.136721 0.186976 0.185983  0.18526 0.183885 0.169689 0.155526 0.142073 0.140835  0.13716 0.187011  0.18634 0.184759 0.185954 0.181064 0.144463 0.141015  0.13949 0.128355 0.186675 0.187089 0.185701 0.184484 0.159311 0.147118 0.141896 0.140697 0.138253 0.186521 0.184728 0.186131 0.186812 0.183742 0.145279 0.142095 0.140087 0.138795
0.157206 0.154953 0.155265 0.157966  0.19076 0.191409 0.190923 0.192187 0.154882 0.155743 0.156736 0.190168 0.188702 0.189861 0.189824 0.190542 0.154798 0.154113 0.154724 0.156222  0.17239  0.18527 0.189418 0.189583 0.190153 0.190157  0.15228 0.151466 0.153822 0.156328 0.184111 0.190719 0.189847 0.189961 0.186156 0.152244 0.150473 0.151209 0.152612 0.180137  0.18738 0.188872 0.189445 0.188658 0.147121 0.149383 0.150215 0.155153 0.160608 0.190561 0.189478 0.190693 0.186675 0.137757 0.146684 0.148913  0.15206 0.191016 0.191735 0.189994 0.190396 0.190103  0.14371 0.145925 0.150274 0.155649 0.158808  0.19108 0.190962 0.190361 0.190256
0.158068 0.155805 0.156059 0.158711 0.191224 0.191831 0.191343 0.192606 0.155762 0.156551 0.157489 0.190598 0.189125 0.190282 0.190243 0.190961 0.155751  0.15504 0.155483 0.156909 0.172926 0.185716 0.189841 0.190003 0.190572 0.190575 0.153303   0.1523 0.154493 0.156918 0.184552 0.191138 0.190264 0.190377 0.186573 0.153426  0.15147 0.151714 0.153109 0.180553 0.187782 0.189287  0.18986 0.189073 0.149069 0.149401 0.150287 0.155346 0.160853 0.190973 0.189891 0.191107 0.187089 0.146684 0.144334 0.148484 0.152085 0.191393  0.19214 0.190406 0.190808 0.190516 0.146069 0.145758 0.150093 0.155656 0.158885 0.191488 0.191374 0.190774 0.190669
0.157421 0.155145 0.155316 0.157893 0.189922 0.190456 0.189966 0.191228 0.155141  0.15583 0.156685 0.189236 0.187752 0.188905 0.188864 0.189582 0.155229 0.154488 0.154699 0.156006 0.171755 0.184384 0.188469 0.188626 0.189193 0.189194 0.152871 0.151679 0.153582  0.15586 0.183211 0.189758 0.188881 0.188993 0.185189 0.153166 0.151256 0.150762  0.15191 0.179169 0.186371   0.1879 0.188473 0.187686  0.15035 0.149018 0.148343 0.153561  0.15916 0.189581 0.188501 0.189718 0.185701 0.148913 0.148484  0.14437 0.149966 0.189938 0.190737 0.189013 0.189417 0.189126 0.148011 0.145547  0.14787 0.153528  0.15688 0.190087 0.189981 0.189382 0.189278
0.158422 0.156126 0.156156 0.158584 0.189046 0.189296 0.188792 0.190049  0.15618 0.156719 0.157426 0.188128 0.186598 0.187735 0.187684 0.188399 0.156412 0.155641 0.155528 0.156584 0.171433 0.183403 0.187318 0.187455 0.188013 0.188003 0.154173 0.152869 0.154253 0.156155 0.182213 0.188575 0.187686 0.187791 0.183988 0.154637 0.152994 0.151998 0.152093 0.178033  0.18507 0.186687 0.187259 0.186475 0.153005 0.151867 0.149702 0.150929 0.156709 0.188348 0.187278 0.188496 0.184484  0.15206 0.152085 0.149966 0.143247 0.188438 0.189454 0.187776 0.188187 0.187899 0.151425  0.14907 0.149491 0.149337 0.152958 0.188817 0.188744 0.188151  0.18805
 0.19383 0.191442 0.190687 0.191882 0.179312 0.167353  0.16619 0.167143 0.191763 0.191683 0.191525 0.168939 0.165027 0.165319 0.164701 0.165307 0.192575 0.191788 0.190795 0.190414 0.186516 0.171862 0.166217 0.165036 0.165073 0.164444 0.190749  0.18971 0.189928 0.190082 0.175008 0.165814 0.163956 0.163591 0.159826  0.19154 0.190476  0.18971 0.188416 0.176648 0.163627 0.162057 0.162359   0.1617 0.191409 0.190689 0.189045 0.190017 0.183938 0.162343 0.161724  0.16305 0.159311 0.191016 0.191393 0.189938 0.188438 0.124213 0.158616 0.161211 0.162109  0.16208 0.190817  0.18897 0.190279 0.190462 0.186183 0.159714 0.162164 0.162001 0.162094
0.194222 0.191824 0.190982 0.192029 0.171715 0.156555 0.155158 0.155994 0.192174 0.192029 0.191777 0.159058 0.154379 0.154366 0.153522 0.154084 0.193049 0.192263 0.191187 0.190664 0.184441 0.164611  0.15586 0.154127 0.153933  0.15303 0.191267 0.190261 0.190386 0.190412 0.170009  0.15493 0.152558 0.151916 0.148159 0.192088 0.191078 0.190345 0.188988 0.175201 0.160582 0.150406 0.150426 0.149751 0.192084 0.191402 0.189806 0.190949 0.185781 0.150191  0.14939 0.150719 0.147118 0.191735  0.19214 0.190737 0.189454 0.158616 0.136961 0.148113 0.149364 0.149494  0.19157 0.189765 0.191146 0.191713 0.188367  0.14543 0.149082 0.149201 0.149418
0.192412 0.190013 0.189151 0.190166 0.168108 0.152129 0.150652 0.151443 0.190368  0.19021 0.189938 0.154905 0.150009 0.149896 0.148957 0.149499 0.191257  0.19047 0.189377 0.188825 0.182107 0.161152 0.151611 0.149699 0.149408 0.148356 0.189483 0.188485  0.18859 0.188591 0.167109 0.150598 0.148002 0.147129  0.14336 0.190311 0.189313 0.188586 0.187217 0.173088 0.158661 0.145928 0.145567 0.144764 0.190334  0.18966 0.188074 0.189253 0.184277 0.147028  0.14399 0.145344 0.141896 0.189994 0.190406 0.189013 0.187776 0.161211 0.148113 0.140519  0.14349 0.143914 0.189837  0.18804 0.189437 0.190083  0.18693 0.145972 0.143466 0.143525 0.143814
0.192803 0.190403 0.189539 0.190549 0.168198  0.15201 0.150491 0.151246  0.19076 0.190599 0.190324 0.154886 0.149924 0.149764 0.148751 0.149272 0.191651 0.190864 0.189768 0.189212 0.182421 0.161302 0.151596 0.149618 0.149263 0.148043 0.189879 0.188881 0.188984  0.18898 0.167364 0.150635 0.147928  0.14672 0.142916 0.190707 0.189711 0.188985 0.187614 0.173455 0.159098 0.146051 0.145301 0.144052 0.190735 0.190061 0.188477 0.189661 0.184714 0.147662   0.1438 0.143909 0.140697 0.190396 0.190808 0.189417 0.188187 0.162109 0.149364  0.14349 0.140076 0.141926  0.19024 0.188444 0.189843 0.190501 0.187376 0.147294 0.143196 0.141711 0.141983
0.192505 0.190105 0.189239 0.190246 0.167714 0.151372 0.149811  0.15053 0.190462   0.1903 0.190023 0.154329 0.149316 0.149115 0.148023 0.148522 0.191354 0.190567  0.18947  0.18891 0.182079 0.160867 0.151052 0.149024 0.148609 0.147196 0.189582 0.188585 0.188686 0.188681 0.166996 0.150153 0.147374 0.145773 0.141915 0.190412 0.189416 0.188691 0.187319  0.17315 0.158852 0.145685 0.144727 0.142804 0.190441 0.189768 0.188185 0.189373 0.184442 0.147534 0.143845 0.142752 0.138253 0.190103 0.190516 0.189126 0.187899  0.16208 0.149494 0.143914 0.141926 0.135786 0.189947 0.188152 0.189553 0.190218 0.187108 0.147481 0.143431 0.140306 0.138772
