 0.14041 0.148111 0.152532 0.156574 0.192751 0.193779 0.194472 0.197465 0.147722 0.154817 0.157143 0.193665 0.191819 0.192592 0.194314 0.194159 0.152734 0.152332 0.156321 0.158173 0.179182 0.191563 0.193933 0.193994  0.19233 0.193929 0.153372 0.157185 0.157633 0.160972 0.186961 0.193502 0.193975 0.192867 0.192693 0.156975 0.157174 0.158119 0.158429  0.18394 0.192203 0.193535 0.194814 0.192711 0.158075 0.158814 0.158616 0.162625 0.169904 0.193779 0.194692 0.195621 0.191348 0.158367 0.159598 0.159435 0.161099 0.196248 0.193578 0.194563 0.195817 0.193994 0.158826 0.158436 0.161099  0.16371 0.169787  0.19315 0.195377 0.196492 0.194482
0.148111 0.142228 0.148947  0.15314  0.18963 0.190682 0.191375 0.194369 0.146474 0.151371 0.153774 0.190565 0.188721 0.189495 0.191218 0.191063 0.150598 0.149786 0.153118 0.154956 0.176038 0.188452 0.190835 0.190897 0.189234 0.190834 0.150757 0.154271 0.154536 0.157853 0.183856 0.190406  0.19088 0.189772 0.189598 0.154221 0.154287 0.155176 0.155393  0.18085 0.189116 0.190441  0.19172 0.189617 0.155184 0.155893 0.155663 0.159637 0.166888 0.190687 0.191599 0.192527 0.188254 0.155467 0.156683 0.156499 0.158129 0.193169 0.190488  0.19147 0.192724   0.1909 0.155914 0.155509 0.158153 0.160738 0.166801 0.190059 0.192284 0.193399 0.191389
0.152532 0.148947 0.138059  0.14521 0.185365 0.186634 0.187335 0.190336 0.148598 0.147085 0.147477 0.186497 0.184671 0.185454 0.187185 0.187031 0.150703 0.149232 0.149088 0.150214 0.171593 0.184286 0.186787 0.186858   0.1852 0.186804 0.149502  0.15175 0.150888 0.153905 0.179751 0.186374 0.186851 0.185745 0.185572 0.152368 0.151832 0.152422 0.152062 0.176884 0.185162 0.186419 0.187703 0.185599 0.152686 0.153238 0.152821  0.15656 0.163571  0.18669 0.187588 0.188514  0.18424 0.152913 0.154052 0.153745  0.15516 0.189286 0.186506 0.187467 0.188715 0.186889 0.153295 0.152805 0.155341 0.157749 0.163701 0.186074 0.188279  0.18939 0.187378
0.156574  0.15314  0.14521 0.138057 0.186632 0.188186 0.188897 0.191905 0.152488 0.151111 0.149357 0.188023  0.18622 0.187014 0.188755 0.188602  0.15432  0.15283 0.151913 0.152197 0.172717 0.185698  0.18834 0.188421 0.186769 0.188378 0.152865  0.15477 0.153501 0.156216 0.181258 0.187946 0.188426 0.187324 0.187151 0.155558  0.15483 0.155311 0.154701 0.178573 0.186836 0.188004 0.189294 0.187188 0.155652 0.156144 0.155645 0.159234 0.165989 0.188305 0.189187 0.190108 0.185833 0.155853  0.15696 0.156597 0.157887 0.191036 0.188139 0.189073 0.190315 0.188486 0.156206 0.155677 0.158158 0.160448 0.166292 0.187702 0.189884  0.19099 0.188975
0.192751  0.18963 0.185365 0.186632 0.107917 0.161753 0.163411 0.167152 0.188353 0.188466 0.188199 0.159469 0.159679 0.161462 0.164069 0.164008  0.18943 0.188044 0.187641 0.187241 0.172764  0.16171 0.162575 0.163274 0.162044 0.164035 0.187116  0.18782 0.187046 0.188302 0.168057 0.163755  0.16428 0.163329 0.163178 0.188943 0.187189 0.187149 0.186055 0.174165 0.171841 0.164722 0.166265 0.164019  0.18754 0.187614 0.186388 0.187464 0.185995 0.167118 0.166714 0.167355 0.162949 0.187439 0.188255 0.187297 0.186437 0.177923 0.167938 0.167134 0.167949 0.165881 0.187495 0.186514 0.188222 0.187775 0.189828 0.167149 0.167845 0.168599 0.166418
0.193779 0.190682 0.186634 0.188186 0.161753 0.137243 0.142642 0.148116 0.189357 0.189605 0.189495 0.146111 0.141414 0.141659 0.145197 0.145265 0.190372    0.189 0.188731 0.188488 0.177846 0.162424 0.146673 0.145602 0.143712 0.145715  0.18798 0.188586 0.187998 0.189336 0.166158 0.147367 0.147053 0.145539 0.145357 0.189716 0.187853 0.187773 0.186765 0.170862 0.160811 0.148328 0.149545 0.147088 0.188134 0.188162 0.186851  0.18758 0.184705 0.151729 0.150404 0.150779 0.146241  0.18799 0.188768 0.187726 0.186508 0.165963 0.152882 0.151138  0.15165 0.149395 0.188004 0.186956 0.188541 0.187567 0.188758  0.15185 0.151751 0.152266 0.149963
0.194472 0.191375 0.187335 0.188897 0.163411 0.142642 0.137359 0.145903 0.190049 0.190301 0.190197 0.148085 0.143407 0.141647 0.143268 0.143417 0.191061  0.18969 0.189426 0.189189 0.178729 0.163557 0.147742 0.146024   0.1431 0.144311 0.188667 0.189269 0.188689 0.190031  0.16696  0.14766 0.146886 0.144585 0.144322 0.190399 0.188532 0.188451 0.187448 0.171485 0.161048 0.148248 0.149125 0.146543 0.188811 0.188837 0.187523 0.188239  0.18531 0.151596 0.150083  0.15036 0.145764 0.188665 0.189441 0.188396 0.187163 0.166017 0.152733 0.150865 0.151301 0.148989 0.188677 0.187627 0.189207  0.18821 0.189363  0.15166 0.151443 0.151901 0.149564
0.197465 0.194369 0.190336 0.191905 0.167152 0.148116 0.145903 0.136862 0.193042 0.193298 0.193198 0.152152 0.147671 0.146101 0.141617 0.139648 0.194052 0.192681 0.192422  0.19219 0.181888 0.166956 0.151301 0.149402 0.145681 0.143694 0.191655 0.192254  0.19168 0.193026 0.170079 0.150567 0.149399 0.145473 0.144819 0.193384 0.191514 0.191432 0.190432  0.17444 0.163676 0.150669  0.15099 0.148165  0.19179 0.191815 0.190498 0.191203 0.188229 0.153849 0.152079 0.152193 0.147491 0.191642 0.192417 0.191369 0.190124 0.168432 0.154946 0.152919 0.153241 0.150836 0.191654 0.190601 0.192177 0.191161  0.19228 0.153817 0.153441 0.153811 0.151421
0.147722 0.146474 0.148598 0.152488 0.188353 0.189357 0.190049 0.193042 0.141451 0.150744 0.152993 0.189246 0.187397  0.18817  0.18989 0.189735 0.147351 0.147358 0.152005 0.153872 0.174806 0.187155 0.189511 0.189571 0.187907 0.189506 0.148467 0.152579 0.153212  0.15657 0.182547 0.189079 0.189552 0.188443 0.188269 0.152211  0.15254 0.153543 0.153946 0.179511 0.187771 0.189111 0.190389 0.188286 0.153445 0.154215 0.154049 0.158094 0.165401 0.189351 0.190266 0.191195 0.186923 0.153748 0.154993 0.154852  0.15655 0.191808 0.189149 0.190137 0.191391 0.189568 0.154218 0.153844 0.156525 0.159163 0.165254 0.188721  0.19095 0.192066 0.190056
0.154817 0.151371 0.147085 0.151111 0.188466 0.189605 0.190301 0.193298 0.150744 0.147037 0.151468  0.18948 0.187643 0.188421 0.190147 0.189992 0.152787  0.15124 0.151318 0.153269  0.17478 0.187323 0.189758 0.189824 0.188163 0.189764 0.151598 0.153964 0.153369 0.156616 0.182748 0.189335  0.18981 0.188703  0.18853 0.154527 0.154074 0.154723 0.154522 0.179796 0.188077 0.189374 0.190656 0.188552 0.154948 0.155532 0.155162 0.158985 0.166125 0.189631 0.190537 0.191464 0.187191  0.15519 0.156346 0.156069 0.157552 0.192163 0.189439 0.190412 0.191663 0.189838 0.155587 0.155118 0.157684 0.160156 0.166163 0.189008 0.191225 0.192338 0.190327
0.157143 0.153774 0.147477 0.149357 0.188199 0.189495 0.190197 0.193198 0.152993 0.151468 0.147621 0.189354 0.187531 0.188316 0.190047 0.189894 0.154734 0.153221 0.151793 0.152253 0.174358 0.187124 0.189648  0.18972 0.188063 0.189667 0.153211 0.155041 0.153647 0.156487  0.18259 0.189237 0.189714 0.188609 0.188436 0.155879  0.15513 0.155602 0.154978 0.179739 0.188035 0.189284 0.190569 0.188464 0.155964 0.156455 0.155964 0.159612 0.166565 0.189559 0.190455  0.19138 0.187105 0.156168 0.157279 0.156923 0.158256 0.192175 0.189377 0.190334 0.191582 0.189755 0.156526 0.156003 0.158497 0.160843 0.166766 0.188945 0.191146 0.192256 0.190244
0.193665 0.190565 0.186497 0.188023 0.159469 0.146111 0.148085 0.152152 0.189246  0.18948 0.189354 0.138255  0.14344 0.146025 0.149099 0.149084 0.190266 0.188893  0.18861  0.18835 0.177203 0.160914 0.146862 0.147987 0.147033 0.149231 0.187882 0.188497 0.187889 0.189216 0.165724 0.149109 0.149584 0.148695 0.148555 0.189627 0.187775 0.187699  0.18668 0.170946 0.162011 0.150513 0.152106 0.149784 0.188064 0.188096 0.186794 0.187559 0.184827 0.153827 0.152812 0.153314 0.148845 0.187924 0.188706 0.187673 0.186494 0.167543 0.154971 0.153459 0.154082 0.151904 0.187943 0.186902 0.188501 0.187586 0.188879 0.154011 0.154118 0.154717 0.152462
0.191819 0.188721 0.184671  0.18622 0.159679 0.141414 0.143407 0.147671 0.187397 0.187643 0.187531  0.14344 0.136891 0.141126 0.144637 0.144651 0.188412 0.187041  0.18677 0.186524 0.175817 0.160227 0.143965 0.143531 0.142588 0.144876 0.186021 0.186628 0.186038 0.187374 0.164098 0.145379 0.145456 0.144447 0.144304 0.187758 0.185897 0.185817 0.184808 0.168892 0.158984 0.146644 0.148104  0.14573 0.186179 0.186207 0.184897 0.185631 0.182771 0.150097 0.148897 0.149338 0.144838 0.186035 0.186813 0.185772 0.184559 0.164253 0.151268   0.1496 0.150162 0.147945  0.18605 0.185003  0.18659 0.185623 0.186827 0.150263 0.150236 0.150789 0.148509
0.192592 0.189495 0.185454 0.187014 0.161462 0.141659 0.141647 0.146101  0.18817 0.188421 0.188316 0.146025 0.141126 0.137435 0.143093 0.143183 0.189182 0.187811 0.187546 0.187308 0.176819 0.161584 0.145572 0.143612 0.141217 0.143585 0.186788  0.18739 0.186809  0.18815 0.165035 0.145631 0.145003  0.14341 0.143246 0.188521 0.186654 0.186573 0.185569 0.169598 0.159215 0.146432 0.147546 0.145061 0.186933 0.186959 0.185646 0.186364 0.183442 0.149868 0.148452 0.148794  0.14424 0.186787 0.187564 0.186519 0.185289 0.164257 0.151024 0.149212 0.149693 0.147418   0.1868  0.18575 0.187331 0.186338 0.187497 0.149971 0.149813 0.150304 0.147989
0.194314 0.191218 0.187185 0.188755 0.164069 0.145197 0.143268 0.141617  0.18989 0.190147 0.190047 0.149099 0.144637 0.143093   0.1367 0.138513   0.1909  0.18953  0.18927 0.189039 0.178751 0.163841 0.148199  0.14628 0.142468 0.140452 0.188503 0.189102 0.188528 0.189875 0.166939 0.147402  0.14619 0.142158  0.14154 0.190232 0.188361 0.188279  0.18728 0.171284  0.16049  0.14746  0.14774 0.144903 0.188637 0.188662 0.187345 0.188049  0.18507 0.150631 0.148841 0.148944 0.144237 0.188489 0.189264 0.188216  0.18697 0.165228 0.151725 0.149685     0.15 0.147589   0.1885 0.187448 0.189023 0.188005 0.189122 0.150592 0.150205 0.150568 0.148174
0.194159 0.191063 0.187031 0.188602 0.164008 0.145265 0.143417 0.139648 0.189735 0.189992 0.189894 0.149084 0.144651 0.143183 0.138513 0.130524 0.190745 0.189375 0.189116 0.188885 0.178619 0.163745 0.148144 0.146242 0.142464 0.138949 0.188348 0.188946 0.188374  0.18972 0.166806 0.147275 0.146042 0.141556 0.140655 0.190076 0.188205 0.188123 0.187124 0.171127  0.16029 0.147253 0.147401 0.144487 0.188481 0.188505 0.187188 0.187891 0.184906  0.15037 0.148526 0.148586 0.143847 0.188333 0.189107 0.188059 0.186811 0.164989 0.151454 0.149381 0.149667 0.147231 0.188344 0.187291 0.188865 0.187845 0.188956 0.150309 0.149885 0.150227 0.147819
0.152734 0.150598 0.150703  0.15432  0.18943 0.190372 0.191061 0.194052 0.147351 0.152787 0.154734 0.190266 0.188412 0.189182   0.1909 0.190745 0.141711 0.148017 0.153438 0.155263 0.175949 0.188206 0.190525 0.190583 0.188917 0.190514 0.147518 0.153105 0.154303 0.157689 0.183583 0.190088  0.19056 0.189451 0.189277 0.151966   0.1529 0.154121 0.154827 0.180508 0.188758 0.190117 0.191394 0.189291 0.153805 0.154694 0.154647 0.158805  0.16619  0.19035 0.191269 0.192199 0.187927 0.154142 0.155443 0.155384 0.157201 0.192771 0.190143 0.191137 0.192393 0.190571 0.154657  0.15434 0.157088 0.159817  0.16595 0.189716 0.191951 0.193068 0.191059
0.152332 0.149786 0.149232  0.15283 0.188044    0.189  0.18969 0.192681 0.147358  0.15124 0.153221 0.188893 0.187041 0.187811  0.18953 0.189375 0.148017 0.144478 0.151869 0.153766 0.174544 0.186825 0.189154 0.189212 0.187546 0.189144 0.147437 0.151807  0.15284 0.156249 0.182205 0.188718  0.18919 0.188081 0.187907  0.15129 0.151764 0.152861 0.153451 0.179138 0.187393 0.188748 0.190025 0.187922 0.152687 0.153503 0.153395 0.157509 0.164874 0.188982 0.189901  0.19083 0.186558 0.153006 0.154274  0.15417 0.155932 0.191413 0.188777 0.189769 0.191025 0.189203 0.153496 0.153147  0.15586 0.158549 0.164668 0.188349 0.190583   0.1917 0.189691
0.156321 0.153118 0.149088 0.151913 0.187641 0.188731 0.189426 0.192422 0.152005 0.151318 0.151793  0.18861  0.18677 0.187546  0.18927 0.189116 0.153438 0.151869  0.14766 0.151877  0.17395 0.186467 0.188884 0.188948 0.187286 0.188887 0.151662 0.153198 0.151681 0.155242  0.18187 0.188459 0.188933 0.187826 0.187652 0.154223  0.15338 0.153825 0.153272 0.178884 0.187182 0.188496 0.189777 0.187673 0.154237 0.154719  0.15424 0.157974 0.165135 0.188748 0.189657 0.190585 0.186311 0.154447 0.155557 0.155209 0.156597 0.191263 0.188554 0.189531 0.190783 0.188958 0.154806  0.15429 0.156799  0.15921 0.165214 0.188124 0.190344 0.191457 0.189447
0.158173 0.154956 0.150214 0.152197 0.187241 0.188488 0.189189  0.19219 0.153872 0.153269 0.152253  0.18835 0.186524 0.187308 0.189039 0.188885 0.155263 0.153766 0.151877 0.147637 0.173272 0.186115  0.18864 0.188712 0.187054 0.188658 0.153374 0.154632  0.15214 0.154137 0.181541 0.188227 0.188704   0.1876 0.187426 0.155756 0.154677 0.154937 0.153714 0.178657 0.187009 0.188273 0.189558 0.187454 0.155461 0.155845 0.155208 0.158675 0.165567 0.188547 0.189444 0.190369 0.186095 0.155624 0.156681 0.156236 0.157414 0.191163 0.188366 0.189323 0.190571 0.188745 0.155935 0.155352 0.157767 0.160004 0.165892 0.187934 0.190136 0.191246 0.189234
0.179182 0.176038 0.171593 0.172717 0.172764 0.177846 0.178729 0.181888 0.174806  0.17478 0.174358 0.177203 0.175817 0.176819 0.178751 0.178619 0.175949 0.174544  0.17395 0.173272 0.128744 0.171329 0.177951 0.178263 0.176737 0.178451 0.173721  0.17452 0.173441  0.17438 0.167419 0.177929 0.178496 0.177474  0.17731 0.175657  0.17403 0.174025 0.172705 0.169405 0.178684 0.178255 0.179681 0.177548 0.174479  0.17461  0.17349 0.175041 0.175798 0.179189  0.17973 0.180581 0.176273 0.174439 0.175307 0.174463 0.174137 0.184896 0.179418 0.179784 0.180901 0.179004 0.174553 0.173666 0.175553  0.17593 0.179382 0.178895 0.180573 0.181572 0.179508
0.191563 0.188452 0.184286 0.185698  0.16171 0.162424 0.163557 0.166956 0.187155 0.187323 0.187124 0.160914 0.160227 0.161584 0.163841 0.163745 0.188206 0.186825 0.186467 0.186115 0.171329 0.129153 0.162134 0.163033 0.161765  0.16367 0.185861 0.186522 0.185801 0.187042  0.15724 0.162933  0.16369 0.162826 0.162678 0.187654 0.185858 0.185798 0.184699 0.168715 0.168729  0.16379 0.165442  0.16326 0.186188 0.186244 0.184986 0.185933 0.183996 0.165859 0.165761 0.166487 0.162122 0.186073 0.186877 0.185892 0.184934 0.176055 0.166653 0.166093 0.166998 0.164987 0.186116 0.185115 0.186788 0.186223 0.188134 0.165945 0.166837  0.16766 0.165515
0.193933 0.190835 0.186787  0.18834 0.162575 0.146673 0.147742 0.151301 0.189511 0.189758 0.189648 0.146862 0.143965 0.145572 0.148199 0.148144 0.190525 0.189154 0.188884  0.18864 0.177951 0.162134 0.141931 0.146422 0.145907 0.148166 0.188134 0.188739 0.188151 0.189487 0.165983 0.146836 0.147997 0.147472 0.147353  0.18987 0.188007 0.187928 0.186918  0.17086 0.160933 0.148773  0.15064 0.148381 0.188289 0.188317 0.187006 0.187736 0.184864 0.152299 0.151313  0.15186 0.147417 0.188145 0.188923 0.187881 0.186666 0.166417 0.153516 0.151965 0.152607 0.150451 0.188159 0.187112 0.188698 0.187728 0.188931 0.152555 0.152639 0.153252 0.151007
0.193994 0.190897 0.186858 0.188421 0.163274 0.145602 0.146024 0.149402 0.189571 0.189824  0.18972 0.147987 0.143531 0.143612  0.14628 0.146242 0.190583 0.189212 0.188948 0.188712 0.178263 0.163033 0.146422 0.142194 0.143564 0.146276 0.188188 0.188789  0.18821 0.189552 0.166382 0.146155 0.145987 0.145636  0.14554  0.18992 0.188052 0.187971 0.186968 0.170931  0.16044 0.147514 0.149108 0.146785 0.188331 0.188357 0.187042 0.187757 0.184821  0.15116 0.149915 0.150372 0.145888 0.188185 0.188961 0.187915 0.186682 0.165582 0.152364  0.15064 0.151198 0.148986 0.188197 0.187147 0.188726 0.187728 0.188881 0.151346 0.151279 0.151829  0.14955
 0.19233 0.189234   0.1852 0.186769 0.162044 0.143712   0.1431 0.145681 0.187907 0.188163 0.188063 0.147033 0.142588 0.141217 0.142468 0.142464 0.188917 0.187546 0.187286 0.187054 0.176737 0.161765 0.145907 0.143564 0.137416 0.142475  0.18652 0.187119 0.186545  0.18789 0.164894 0.145039 0.143546 0.141988 0.141947  0.18825 0.186379 0.186297 0.185297 0.169279 0.158523  0.14535 0.146239 0.143726 0.186656  0.18668 0.185364  0.18607 0.183098 0.148812 0.147236 0.147523 0.142949 0.186508 0.187284 0.186236 0.184992 0.163388  0.14996 0.148043 0.148471 0.146164  0.18652 0.185467 0.187044 0.186029 0.187153 0.148873 0.148622 0.149076  0.14674
0.193929 0.190834 0.186804 0.188378 0.164035 0.145715 0.144311 0.143694 0.189506 0.189764 0.189667 0.149231 0.144876 0.143585 0.140452 0.138949 0.190514 0.189144 0.188887 0.188658 0.178451  0.16367 0.148166 0.146276 0.142475 0.135931 0.188116 0.188713 0.188143 0.189492 0.166631 0.147088 0.145769 0.140269 0.138837 0.189844 0.187971 0.187889 0.186891 0.170889 0.159936  0.14686 0.146703 0.143625 0.188246  0.18827 0.186952 0.187651 0.184649 0.149861 0.147889 0.147852 0.143044 0.188098 0.188872 0.187822  0.18657 0.164538 0.150921 0.148769 0.148992 0.146501 0.188108 0.187054 0.188627 0.187599 0.188698 0.149748 0.149242 0.149534 0.147094
0.153372 0.150757 0.149502 0.152865 0.187116  0.18798 0.188667 0.191655 0.148467 0.151598 0.153211 0.187882 0.186021 0.186788 0.188503 0.188348 0.147518 0.147437 0.151662 0.153374 0.173721 0.185861 0.188134 0.188188  0.18652 0.188116 0.141875 0.150152 0.152081 0.155469  0.18122 0.187691 0.188162 0.187051 0.186877 0.147622 0.149619 0.151181 0.152309 0.178098 0.186333 0.187716 0.188991 0.186889 0.150506 0.151588 0.151718 0.156034 0.163518 0.187939 0.188864 0.189795 0.185523 0.150896 0.152285 0.152353 0.154344 0.190316 0.187726 0.188729 0.189987 0.188166 0.151482 0.151252 0.154101 0.156962 0.163149   0.1873 0.189543 0.190662 0.188654
0.157185 0.154271  0.15175  0.15477  0.18782 0.188586 0.189269 0.192254 0.152579 0.153964 0.155041 0.188497 0.186628  0.18739 0.189102 0.188946 0.153105 0.151807 0.153198 0.154632  0.17452 0.186522 0.188739 0.188789 0.187119 0.188713 0.150152 0.147207 0.152744  0.15617 0.181854 0.188289 0.188759 0.187647 0.187473 0.151699 0.149846 0.150687 0.152493 0.178667 0.186895 0.188309 0.189582  0.18748 0.151183 0.151759 0.151716 0.156155 0.163771 0.188521 0.189452 0.190384 0.186113 0.151515 0.152697 0.152557 0.154471 0.190846 0.188301 0.189315 0.190575 0.188755 0.151957 0.151575 0.154302 0.157115 0.163343 0.187877 0.190129  0.19125 0.189242
0.157633 0.154536 0.150888 0.153501 0.187046 0.187998 0.188689  0.19168 0.153212 0.153369 0.153647 0.187889 0.186038 0.186809 0.188528 0.188374 0.154303  0.15284 0.151681  0.15214 0.173441 0.185801 0.188151  0.18821 0.186545 0.188143 0.152081 0.152744 0.147639 0.153533 0.181151 0.187716 0.188189  0.18708 0.186906 0.154201 0.152818 0.152866  0.15128 0.178066 0.186388 0.187747 0.189025 0.186923 0.153593  0.15389  0.15317 0.156696 0.163973 0.187985 0.188902 0.189831 0.185559 0.153736 0.154758 0.154267 0.155449  0.19044 0.187783 0.188772 0.190027 0.188204 0.154022 0.153409 0.155802 0.158091 0.164112 0.187356 0.189586 0.190702 0.188692
0.160972 0.157853 0.153905 0.156216 0.188302 0.189336 0.190031 0.193026  0.15657 0.156616 0.156487 0.189216 0.187374  0.18815 0.189875  0.18972 0.157689 0.156249 0.155242 0.154137  0.17438 0.187042 0.189487 0.189552  0.18789 0.189492 0.155469  0.15617 0.153533 0.146514 0.182362 0.189061 0.189537 0.188431 0.188257 0.157515 0.156021 0.155982 0.153301 0.179312 0.187764 0.189099 0.190382 0.188279 0.156692 0.156911 0.156006 0.159067 0.165958 0.189355 0.190263  0.19119 0.186917  0.15678  0.15775 0.157146 0.158026 0.191902 0.189166 0.190138 0.191389 0.189564 0.157014 0.156323 0.158595 0.160637   0.1665 0.188736 0.190951 0.192064 0.190053
0.186961 0.183856 0.179751 0.181258 0.168057 0.166158  0.16696 0.170079 0.182547 0.182748  0.18259 0.165724 0.164098 0.165035 0.166939 0.166806 0.183583 0.182205  0.18187 0.181541 0.167419  0.15724 0.165983 0.166382 0.164894 0.166631  0.18122 0.181854 0.181151 0.182362 0.127216 0.165868 0.166583 0.165647  0.16549 0.182995 0.181176 0.181102 0.179971 0.157214 0.166275 0.166285 0.167868 0.165748 0.181498 0.181545 0.180269 0.181138 0.178946 0.167513 0.167967  0.16881 0.164499 0.181379 0.182177 0.181181 0.180199 0.175376 0.168062 0.168105 0.169174 0.167256 0.181417 0.180409 0.182073 0.181513 0.183515 0.167518 0.168895 0.169848 0.167766
0.193502 0.190406 0.186374 0.187946 0.163755 0.147367  0.14766 0.150567 0.189079 0.189335 0.189237 0.149109 0.145379 0.145631 0.147402 0.147275 0.190088 0.188718 0.188459 0.188227 0.177929 0.162933 0.146836 0.146155 0.145039 0.147088 0.187691 0.188289 0.187716 0.189061 0.165868 0.142237 0.146033  0.14611 0.146013  0.18942 0.187549 0.187466 0.186466 0.170283 0.159374 0.146166 0.148722 0.146604 0.187825 0.187849 0.186532 0.187236 0.184252 0.150162 0.149295 0.149953 0.145571 0.187677 0.188452 0.187404 0.186159 0.164719 0.151481 0.149932 0.150638 0.148536 0.187688 0.186636 0.188212 0.187197 0.188322 0.150534 0.150644 0.151302 0.149087
0.193975  0.19088 0.186851 0.188426  0.16428 0.147053 0.146886 0.149399 0.189552  0.18981 0.189714 0.149584 0.145456 0.145003  0.14619 0.146042  0.19056  0.18919 0.188933 0.188704 0.178496  0.16369 0.147997 0.145987 0.143546 0.145769 0.188162 0.188759 0.188189 0.189537 0.166583 0.146033 0.142194 0.144692 0.144678 0.189889 0.188017 0.187934 0.186936 0.170859 0.159831 0.145985 0.147683 0.145491 0.188292 0.188315 0.186997 0.187696 0.184691 0.149985 0.148572 0.149044 0.144594 0.188143 0.188918 0.187868 0.186616 0.164701 0.151199 0.149357  0.14989 0.147681 0.188154   0.1871 0.188673 0.187646 0.188749 0.150145 0.149994  0.15053 0.148249
0.192867 0.189772 0.185745 0.187324 0.163329 0.145539 0.144585 0.145473 0.188443 0.188703 0.188609 0.148695 0.144447  0.14341 0.142158 0.141556 0.189451 0.188081 0.187826   0.1876 0.177474 0.162826 0.147472 0.145636 0.141988 0.140269 0.187051 0.187647  0.18708 0.188431 0.165647  0.14611 0.144692 0.136323 0.138261 0.188777 0.186903  0.18682 0.185824 0.169816   0.1587 0.145571 0.144941 0.141691 0.187177 0.187199  0.18588 0.186573 0.183549 0.148402 0.146241  0.14608 0.141202 0.187027 0.187801  0.18675 0.185491 0.163162 0.149428 0.147164 0.147302 0.144744 0.187037 0.185982 0.187553 0.186515 0.187596 0.148215 0.147595 0.147823 0.145344
0.192693 0.189598 0.185572 0.187151 0.163178 0.145357 0.144322 0.144819 0.188269  0.18853 0.188436 0.148555 0.144304 0.143246  0.14154 0.140655 0.189277 0.187907 0.187652 0.187426  0.17731 0.162678 0.147353  0.14554 0.141947 0.138837 0.186877 0.187473 0.186906 0.188257  0.16549 0.146013 0.144678 0.138261 0.130524 0.188603 0.186729 0.186645  0.18565 0.169648 0.158522 0.145464  0.14469 0.141115 0.187002 0.187025 0.185705 0.186398 0.183371 0.148185 0.145954 0.145673 0.140659 0.186853 0.187626 0.186575 0.185315 0.162944 0.149187 0.146873 0.146947 0.144313 0.186862 0.185807 0.187378 0.186339 0.187418 0.147954 0.147267 0.147438 0.144918
0.156975 0.154221 0.152368 0.155558 0.188943 0.189716 0.190399 0.193384 0.152211 0.154527 0.155879 0.189627 0.187758 0.188521 0.190232 0.190076 0.151966  0.15129 0.154223 0.155756 0.175657 0.187654  0.18987  0.18992  0.18825 0.189844 0.147622 0.151699 0.154201 0.157515 0.182995  0.18942 0.189889 0.188777 0.188603 0.141972 0.150192 0.152344 0.154019 0.179818 0.188029  0.18944 0.190712 0.188611 0.150686 0.152304  0.15277 0.157318 0.164917 0.189652 0.190582 0.191515 0.187243 0.151174 0.152804 0.153163 0.155475 0.191973 0.189431 0.190445 0.191705 0.189885  0.15194  0.15192 0.154987 0.158088 0.164352 0.189007 0.191259  0.19238 0.190373
0.157174 0.154287 0.151832  0.15483 0.187189 0.187853 0.188532 0.191514  0.15254 0.154074  0.15513 0.187775 0.185897 0.186654 0.188361 0.188205   0.1529 0.151764  0.15338 0.154677  0.17403 0.185858 0.188007 0.188052 0.186379 0.187971 0.149619 0.149846 0.152818 0.156021 0.181176 0.187549 0.188017 0.186903 0.186729 0.150192 0.144666 0.149391 0.152094 0.177935 0.186119 0.187563 0.188833 0.186732  0.14799 0.149048 0.150004 0.154903 0.162652 0.187761 0.188699 0.189633 0.185363 0.148667 0.150025 0.150344 0.152918 0.190018 0.187532 0.188558 0.189821 0.188003 0.149289  0.14918 0.152276 0.155538 0.161885  0.18711 0.189373 0.190496  0.18849
0.158119 0.155176 0.152422 0.155311 0.187149 0.187773 0.188451 0.191432 0.153543 0.154723 0.155602 0.187699 0.185817 0.186573 0.188279 0.188123 0.154121 0.152861 0.153825 0.154937 0.174025 0.185798 0.187928 0.187971 0.186297 0.187889 0.151181 0.150687 0.152866 0.155982 0.181102 0.187466 0.187934  0.18682 0.186645 0.152344 0.149391 0.146391 0.151705 0.177828 0.186021 0.187479 0.188748 0.186647 0.150223 0.149897  0.14949 0.154561  0.16241 0.187673 0.188613 0.189548 0.185278 0.150362 0.151247 0.150776 0.152739 0.189912 0.187442 0.188471 0.189735 0.187917 0.150597 0.149993 0.152565 0.155419 0.161748  0.18702 0.189286  0.19041 0.188404
0.158429 0.155393 0.152062 0.154701 0.186055 0.186765 0.187448 0.190432 0.153946 0.154522 0.154978  0.18668 0.184808 0.185569  0.18728 0.187124 0.154827 0.153451 0.153272 0.153714 0.172705 0.184699 0.186918 0.186968 0.185297 0.186891 0.152309 0.152493  0.15128 0.153301 0.179971 0.186466 0.186936 0.185824  0.18565 0.154019 0.152094 0.151705 0.146102 0.176704 0.185044 0.186485 0.187759 0.185658 0.152644 0.152678 0.151462 0.154298  0.16185 0.186697 0.187629 0.188561  0.18429 0.152655 0.153533 0.152765 0.153431 0.189035  0.18648 0.187492 0.188752 0.186932  0.15281 0.152013 0.154156 0.156139 0.162178 0.186056 0.188307 0.189427  0.18742
 0.18394  0.18085 0.176884 0.178573 0.174165 0.170862 0.171485  0.17444 0.179511 0.179796 0.179739 0.170946 0.168892 0.169598 0.171284 0.171127 0.180508 0.179138 0.178884 0.178657 0.169405 0.168715  0.17086 0.170931 0.169279 0.170889 0.178098 0.178667 0.178066 0.179312 0.157214 0.170283 0.170859 0.169816 0.169648 0.179818 0.177935 0.177828 0.176704  0.12848  0.16641  0.17034  0.17176 0.169673 0.178221  0.17824  0.17691 0.177533   0.1743 0.170756 0.171675 0.172604 0.168331  0.17808 0.178858 0.177819 0.176676  0.17566 0.170947 0.171624 0.172838 0.170997 0.178097 0.177057 0.178666 0.177935 0.179804 0.170555 0.172446 0.173518 0.171491
0.192203 0.189116 0.185162 0.186836 0.171841 0.160811 0.161048 0.163676 0.187771 0.188077 0.188035 0.162011 0.158984 0.159215  0.16049  0.16029 0.188758 0.187393 0.187182 0.187009 0.178684 0.168729 0.160933  0.16044 0.158523 0.159936 0.186333 0.186895 0.186388 0.187764 0.166275 0.159374 0.159831   0.1587 0.158522 0.188029 0.186119 0.186021 0.185044  0.16641 0.127686 0.158806 0.160174 0.158176 0.186372 0.186379 0.185031 0.185593 0.181967 0.157963 0.159844 0.160926 0.156718 0.186209 0.186971 0.185894 0.184529 0.165326 0.158649 0.159644  0.16102 0.159275 0.186206 0.185131 0.186666 0.185495 0.186416 0.158591 0.160546 0.161724 0.159756
0.193535 0.190441 0.186419 0.188004 0.164722 0.148328 0.148248 0.150669 0.189111 0.189374 0.189284 0.150513 0.146644 0.146432  0.14746 0.147253 0.190117 0.188748 0.188496 0.188273 0.178255  0.16379 0.148773 0.147514  0.14535  0.14686 0.187716 0.188309 0.187747 0.189099 0.166285 0.146166 0.145985 0.145571 0.145464  0.18944 0.187563 0.187479 0.186485  0.17034 0.158806 0.142237 0.147275  0.14541 0.187835 0.187857 0.186536 0.187221 0.184162 0.148612 0.147698 0.148547  0.14427 0.187685 0.188458 0.187405 0.186138 0.163647     0.15 0.148371 0.149149  0.14713 0.187694 0.186637 0.188206 0.187157 0.188221 0.149033 0.149135 0.149848 0.147676
0.194814  0.19172 0.187703 0.189294 0.166265 0.149545 0.149125  0.15099 0.190389 0.190656 0.190569 0.152106 0.148104 0.147546  0.14774 0.147401 0.191394 0.190025 0.189777 0.189558 0.179681 0.165442  0.15064 0.149108 0.146239 0.146703 0.188991 0.189582 0.189025 0.190382 0.167868 0.148722 0.147683 0.144941  0.14469 0.190712 0.188833 0.188748 0.187759  0.17176 0.160174 0.147275 0.142237 0.142876 0.189103 0.189123   0.1878 0.188476 0.185383 0.149099 0.145914 0.145955 0.141967 0.188951 0.189723 0.188667 0.187388 0.164126 0.150001 0.147331 0.147367 0.145021 0.188958   0.1879 0.189464 0.188395 0.189422 0.148656 0.147781 0.148032 0.145654
0.192711 0.189617 0.185599 0.187188 0.164019 0.147088 0.146543 0.148165 0.188286 0.188552 0.188464 0.149784  0.14573 0.145061 0.144903 0.144487 0.189291 0.187922 0.187673 0.187454 0.177548  0.16326 0.148381 0.146785 0.143726 0.143625 0.186889  0.18748 0.186923 0.188279 0.165748 0.146604 0.145491 0.141691 0.141115 0.188611 0.186732 0.186647 0.185658 0.169673 0.158176  0.14541 0.142876 0.135994 0.187002 0.187023   0.1857 0.186379 0.183294 0.147188 0.144182 0.142896 0.137521 0.186851 0.187623 0.186568 0.185291 0.162107 0.147997 0.145191 0.144756 0.141681 0.186859   0.1858 0.187365   0.1863 0.187332 0.146581 0.145316 0.145101 0.142337
0.158075 0.155184 0.152686 0.155652  0.18754 0.188134 0.188811  0.19179 0.153445 0.154948 0.155964 0.188064 0.186179 0.186933 0.188637 0.188481 0.153805 0.152687 0.154237 0.155461 0.174479 0.186188 0.188289 0.188331 0.186656 0.188246 0.150506 0.151183 0.153593 0.156692 0.181498 0.187825 0.188292 0.187177 0.187002 0.150686  0.14799 0.150223 0.152644 0.178221 0.186372 0.187835 0.189103 0.187002 0.143291 0.148392  0.14983 0.154865 0.162679 0.188024 0.188967 0.189902 0.185632  0.14575 0.147817 0.149331 0.152602 0.190232 0.187788 0.188823 0.190088 0.188271 0.146945  0.14756 0.151361 0.155175  0.16162 0.187367 0.189638 0.190763 0.188758
0.158814 0.155893 0.153238 0.156144 0.187614 0.188162 0.188837 0.191815 0.154215 0.155532 0.156455 0.188096 0.186207 0.186959 0.188662 0.188505 0.154694 0.153503 0.154719 0.155845  0.17461 0.186244 0.188317 0.188357  0.18668  0.18827 0.151588 0.151759  0.15389 0.156911 0.181545 0.187849 0.188315 0.187199 0.187025 0.152304 0.149048 0.149897 0.152678  0.17824 0.186379 0.187857 0.189123 0.187023 0.148392 0.145618 0.149102 0.154622 0.162524  0.18804 0.188986 0.189922 0.185652 0.148455 0.148969 0.148966 0.152321 0.190221   0.1878 0.188841 0.190107  0.18829 0.148602 0.148149 0.151272 0.154925 0.161399  0.18738 0.189656 0.190782 0.188777
0.158616 0.155663 0.152821 0.155645 0.186388 0.186851 0.187523 0.190498 0.154049 0.155162 0.155964 0.186794 0.184897 0.185646 0.187345 0.187188 0.154647 0.153395  0.15424 0.155208  0.17349 0.184986 0.187006 0.187042 0.185364 0.186952 0.151718 0.151716  0.15317 0.156006 0.180269 0.186532 0.186997  0.18588 0.185705  0.15277 0.150004  0.14949 0.151462  0.17691 0.185031 0.186536   0.1878   0.1857  0.14983 0.149102 0.144798 0.152714 0.160854 0.186707  0.18766 0.188596 0.184327 0.149542 0.150062 0.148559  0.15044 0.188838 0.186461 0.187511  0.18878 0.186964 0.149419 0.148287 0.150322 0.153171 0.159676 0.186042 0.188327 0.189455 0.187451
0.162625 0.159637  0.15656 0.159234 0.187464  0.18758 0.188239 0.191203 0.158094 0.158985 0.159612 0.187559 0.185631 0.186364 0.188049 0.187891 0.158805 0.157509 0.157974 0.158675 0.175041 0.185933 0.187736 0.187757  0.18607 0.187651 0.156034 0.156155 0.156696 0.159067 0.181138 0.187236 0.187696 0.186573 0.186398 0.157318 0.154903 0.154561 0.154298 0.177533 0.185593 0.187221 0.188476 0.186379 0.154865 0.154622 0.152714 0.142756 0.158703  0.18735 0.188326 0.189268 0.185001 0.154535 0.155129 0.153692 0.150931 0.189289 0.187079 0.188167 0.189443 0.187632  0.15437 0.153057 0.154251 0.153999 0.160024 0.186666 0.188984 0.190119 0.188118
0.169904 0.166888 0.163571 0.165989 0.185995 0.184705  0.18531 0.188229 0.165401 0.166125 0.166565 0.184827 0.182771 0.183442  0.18507 0.184906  0.16619 0.164874 0.165135 0.165567 0.175798 0.183996 0.184864 0.184821 0.183098 0.184649 0.163518 0.163771 0.163973 0.165958 0.178946 0.184252 0.184691 0.183549 0.183371 0.164917 0.162652  0.16241  0.16185   0.1743 0.181967 0.184162 0.185383 0.183294 0.162679 0.162524 0.160854 0.158703 0.129337 0.184111 0.185189 0.186151 0.181894  0.16238 0.163015 0.161667 0.159091 0.185266 0.183743 0.184984 0.186295 0.184503 0.162244 0.160965 0.162146 0.160153 0.162658 0.183361 0.185809 0.186972 0.184985
0.193779 0.190687  0.18669 0.188305 0.167118 0.151729 0.151596 0.153849 0.189351 0.189631 0.189559 0.153827 0.150097 0.149868 0.150631  0.15037  0.19035 0.188982 0.188748 0.188547 0.179189 0.165859 0.152299  0.15116 0.148812 0.149861 0.187939 0.188521 0.187985 0.189355 0.167513 0.150162 0.149985 0.148402 0.148185 0.189652 0.187761 0.187673 0.186697 0.170756 0.157963 0.148612 0.149099 0.147188 0.188024  0.18804 0.186707  0.18735 0.184111 0.142179 0.148142 0.149544 0.145459 0.187867 0.188635  0.18757 0.186251 0.161003 0.146241 0.147438 0.149269 0.147758  0.18787 0.186804 0.188355 0.187223  0.18814 0.146483 0.148553 0.150018 0.148198
0.194692 0.191599 0.187588 0.189187 0.166714 0.150404 0.150083 0.152079 0.190266 0.190537 0.190455 0.152812 0.148897 0.148452 0.148841 0.148526 0.191269 0.189901 0.189657 0.189444  0.17973 0.165761 0.151313 0.149915 0.147236 0.147889 0.188864 0.189452 0.188902 0.190263 0.167967 0.149295 0.148572 0.146241 0.145954 0.190582 0.188699 0.188613 0.187629 0.171675 0.159844 0.147698 0.145914 0.144182 0.188967 0.188986  0.18766 0.188326 0.185189 0.148142 0.142118 0.145862 0.142233 0.188814 0.189584 0.188526 0.187234 0.163286 0.148823   0.1455 0.145911 0.144479  0.18882 0.187759 0.189318 0.188229 0.189218 0.147306 0.146328 0.147011 0.145029
0.195621 0.192527 0.188514 0.190108 0.167355 0.150779  0.15036 0.152193 0.191195 0.191464  0.19138 0.153314 0.149338 0.148794 0.148944 0.148586 0.192199  0.19083 0.190585 0.190369 0.180581 0.166487  0.15186 0.150372 0.147523 0.147852 0.189795 0.190384 0.189831  0.19119  0.16881 0.149953 0.149044  0.14608 0.145673 0.191515 0.189633 0.189548 0.188561 0.172604 0.160926 0.148547 0.145955 0.142896 0.189902 0.189922 0.188596 0.189268 0.186151 0.149544 0.145862 0.142107 0.140374 0.189749  0.19052 0.189463 0.188177 0.164509  0.15017 0.146928   0.1459 0.143012 0.189756 0.188696 0.190258 0.189177 0.190182 0.148596  0.14684 0.146484  0.14387
0.191348 0.188254  0.18424 0.185833 0.162949 0.146241 0.145764 0.147491 0.186923 0.187191 0.187105 0.148845 0.144838  0.14424 0.144237 0.143847 0.187927 0.186558 0.186311 0.186095 0.176273 0.162122 0.147417 0.145888 0.142949 0.143044 0.185523 0.186113 0.185559 0.186917 0.164499 0.145571 0.144594 0.141202 0.140659 0.187243 0.185363 0.185278  0.18429 0.168331 0.156718  0.14427 0.141967 0.137521 0.185632 0.185652 0.184327 0.185001 0.181894 0.145459 0.142233 0.140374 0.130609  0.18548 0.186251 0.185195 0.183911 0.160372  0.14609 0.142928 0.141908 0.137523 0.185487 0.184427  0.18599 0.184914 0.185926 0.144518 0.142603  0.14162 0.138115
0.158367 0.155467 0.152913 0.155853 0.187439  0.18799 0.188665 0.191642 0.153748  0.15519 0.156168 0.187924 0.186035 0.186787 0.188489 0.188333 0.154142 0.153006 0.154447 0.155624 0.174439 0.186073 0.188145 0.188185 0.186508 0.188098 0.150896 0.151515 0.153736  0.15678 0.181379 0.187677 0.188143 0.187027 0.186853 0.151174 0.148667 0.150362 0.152655  0.17808 0.186209 0.187685 0.188951 0.186851  0.14575 0.148455 0.149542 0.154535  0.16238 0.187867 0.188814 0.189749  0.18548 0.139427 0.146108 0.148433 0.152089 0.190046 0.187628 0.188668 0.189934 0.188118 0.143223 0.145726 0.150355 0.154621  0.16113 0.187207 0.189484  0.19061 0.188605
0.159598 0.156683 0.154052  0.15696 0.188255 0.188768 0.189441 0.192417 0.154993 0.156346 0.157279 0.188706 0.186813 0.187564 0.189264 0.189107 0.155443 0.154274 0.155557 0.156681 0.175307 0.186877 0.188923 0.188961 0.187284 0.188872 0.152285 0.152697 0.154758  0.15775 0.182177 0.188452 0.188918 0.187801 0.187626 0.152804 0.150025 0.151247 0.153533 0.178858 0.186971 0.188458 0.189723 0.187623 0.147817 0.148969 0.150062 0.155129 0.163015 0.188635 0.189584  0.19052 0.186251 0.146108 0.144343 0.148453 0.152557 0.190788 0.188392 0.189437 0.190704 0.188888 0.145649  0.14596 0.150608 0.155074  0.16163 0.187972 0.190253  0.19138 0.189375
0.159435 0.156499 0.153745 0.156597 0.187297 0.187726 0.188396 0.191369 0.154852 0.156069 0.156923 0.187673 0.185772 0.186519 0.188216 0.188059 0.155384  0.15417 0.155209 0.156236 0.174463 0.185892 0.187881 0.187915 0.186236 0.187822 0.152353 0.152557 0.154267 0.157146 0.181181 0.187404 0.187868  0.18675 0.186575 0.153163 0.150344 0.150776 0.152765 0.177819 0.185894 0.187405 0.188667 0.186568 0.149331 0.148966 0.148559 0.153692 0.161667  0.18757 0.188526 0.189463 0.185195 0.148433 0.148453 0.144467 0.150802 0.189667  0.18732 0.188376 0.189645  0.18783 0.147844 0.146046 0.148632 0.153304 0.159966 0.186901 0.189192 0.190321 0.188317
0.161099 0.158129  0.15516 0.157887 0.186437 0.186508 0.187163 0.190124  0.15655 0.157552 0.158256 0.186494 0.184559 0.185289  0.18697 0.186811 0.157201 0.155932 0.156597 0.157414 0.174137 0.184934 0.186666 0.186682 0.184992  0.18657 0.154344 0.154471 0.155449 0.158026 0.180199 0.186159 0.186616 0.185491 0.185315 0.155475 0.152918 0.152739 0.153431 0.176676 0.184529 0.186138 0.187388 0.185291 0.152602 0.152321  0.15044 0.150931 0.159091 0.186251 0.187234 0.188177 0.183911 0.152089 0.152557 0.150802 0.144034 0.188085 0.185964 0.187069 0.188349  0.18654 0.151753 0.150141 0.150663 0.148766 0.155767 0.185552 0.187887 0.189025 0.187026
0.196248 0.193169 0.189286 0.191036 0.177923 0.165963 0.166017 0.168432 0.191808 0.192163 0.192175 0.167543 0.164253 0.164257 0.165228 0.164989 0.192771 0.191413 0.191263 0.191163 0.184896 0.176055 0.166417 0.165582 0.163388 0.164538 0.190316 0.190846  0.19044 0.191902 0.175376 0.164719 0.164701 0.163162 0.162944 0.191973 0.190018 0.189912 0.189035  0.17566 0.165326 0.163647 0.164126 0.162107 0.190232 0.190221 0.188838 0.189289 0.185266 0.161003 0.163286 0.164509 0.160372 0.190046 0.190788 0.189667 0.188085 0.131661  0.15767 0.162312 0.164164 0.162652  0.19002 0.188908 0.190369 0.188802 0.188907 0.158381 0.163212 0.164848  0.16307
0.193578 0.190488 0.186506 0.188139 0.167938 0.152882 0.152733 0.154946 0.189149 0.189439 0.189377 0.154971 0.151268 0.151024 0.151725 0.151454 0.190143 0.188777 0.188554 0.188366 0.179418 0.166653 0.153516 0.152364  0.14996 0.150921 0.187726 0.188301 0.187783 0.189166 0.168062 0.151481 0.151199 0.149428 0.149187 0.189431 0.187532 0.187442  0.18648 0.170947 0.158649     0.15 0.150001 0.147997 0.187788   0.1878 0.186461 0.187079 0.183743 0.146241 0.148823  0.15017  0.14609 0.187628 0.188392  0.18732 0.185964  0.15767 0.135126 0.147387 0.149562   0.1482 0.187626 0.186554 0.188092   0.1869   0.1877 0.143001 0.148376 0.150253 0.148584
0.194563  0.19147 0.187467 0.189073 0.167134 0.151138 0.150865 0.152919 0.190137 0.190412 0.190334 0.153459   0.1496 0.149212 0.149685 0.149381 0.191137 0.189769 0.189531 0.189323 0.179784 0.166093 0.151965  0.15064 0.148043 0.148769 0.188729 0.189315 0.188772 0.190138 0.168105 0.149932 0.149357 0.147164 0.146873 0.190445 0.188558 0.188471 0.187492 0.171624 0.159644 0.148371 0.147331 0.145191 0.188823 0.188841 0.187511 0.188167 0.184984 0.147438   0.1455 0.146928 0.142928 0.188668 0.189437 0.188376 0.187069 0.162312 0.147387 0.141302  0.14559 0.144684 0.188673 0.187609 0.189164 0.188051 0.188997 0.145357 0.144454  0.14651 0.145025
0.195817 0.192724 0.188715 0.190315 0.167949  0.15165 0.151301 0.153241 0.191391 0.191663 0.191582 0.154082 0.150162 0.149693     0.15 0.149667 0.192393 0.191025 0.190783 0.190571 0.180901 0.166998 0.152607 0.151198 0.148471 0.148992 0.189987 0.190575 0.190027 0.191389 0.169174 0.150638  0.14989 0.147302 0.146947 0.191705 0.189821 0.189735 0.188752 0.172838  0.16102 0.149149 0.147367 0.144756 0.190088 0.190107  0.18878 0.189443 0.186295 0.149269 0.145911   0.1459 0.141908 0.189934 0.190704 0.189645 0.188349 0.164164 0.149562  0.14559 0.142118 0.142999  0.18994 0.188878 0.190437 0.189341 0.190318 0.147708  0.14486 0.144932  0.14346
0.193994   0.1909 0.186889 0.188486 0.165881 0.149395 0.148989 0.150836 0.189568 0.189838 0.189755 0.151904 0.147945 0.147418 0.147589 0.147231 0.190571 0.189203 0.188958 0.188745 0.179004 0.164987 0.150451 0.148986 0.146164 0.146501 0.188166 0.188755 0.188204 0.189564 0.167256 0.148536 0.147681 0.144744 0.144313 0.189885 0.188003 0.187917 0.186932 0.170997 0.159275  0.14713 0.145021 0.141681 0.188271  0.18829 0.186964 0.187632 0.184503 0.147758 0.144479 0.143012 0.137523 0.188118 0.188888  0.18783  0.18654 0.162652   0.1482 0.144684 0.142999 0.135999 0.188124 0.187063 0.188624 0.187537  0.18853 0.146463 0.143804 0.141851 0.138259
