# Created by Octave 3.8.0, Tue Apr 01 00:06:25 2014 BST <desislava@desislavas-mbp>
# name: Jindex
# type: matrix
# rows: 1
# columns: 100
 1 1 1 3 3 3 4 4 4 4 6 6 6 6 6 9 13 13 13 13 15 15 15 15 15 15 16 16 16 16 21 24 24 24 24 27 27 27 27 27 27 27 28 28 34 36 36 36 36 36 36 50 50 50 50 50 50 39 39 39 59 59 59 59 48 48 61 62 65 70 70 70 70 70 70 70 71 71 74 80 81 83 83 83 83 84 84 84 84 84 89 92 92 92 92 92 94 95 95 95


# name: Mij
# type: matrix
# rows: 498
# columns: 2
 1 13
 1 2
 2 1
 2 13
 2 14
 2 3
 3 2
 3 14
 3 15
 3 4
 4 3
 4 15
 4 16
 4 5
 5 4
 5 16
 5 17
 5 6
 6 5
 6 17
 6 18
 6 7
 7 6
 7 18
 7 19
 7 8
 8 7
 8 19
 8 20
 8 9
 9 8
 9 20
 9 21
 9 10
 10 9
 10 21
 10 22
 10 11
 11 10
 11 22
 11 23
 11 12
 12 11
 12 23
 12 24
 13 25
 13 26
 13 14
 13 2
 13 1
 14 13
 14 26
 14 27
 14 15
 14 3
 14 2
 15 14
 15 27
 15 28
 15 16
 15 4
 15 3
 16 15
 16 28
 16 29
 16 17
 16 5
 16 4
 17 16
 17 29
 17 30
 17 18
 17 6
 17 5
 18 17
 18 30
 18 31
 18 19
 18 7
 18 6
 19 18
 19 31
 19 32
 19 20
 19 8
 19 7
 20 19
 20 32
 20 33
 20 21
 20 9
 20 8
 21 20
 21 33
 21 34
 21 22
 21 10
 21 9
 22 21
 22 34
 22 35
 22 23
 22 11
 22 10
 23 22
 23 35
 23 36
 23 24
 23 12
 23 11
 24 23
 24 36
 24 12
 25 37
 25 26
 25 13
 26 25
 26 37
 26 38
 26 27
 26 14
 26 13
 27 26
 27 38
 27 39
 27 28
 27 15
 27 14
 28 27
 28 39
 28 40
 28 29
 28 16
 28 15
 29 28
 29 40
 29 41
 29 30
 29 17
 29 16
 30 29
 30 41
 30 42
 30 31
 30 18
 30 17
 31 30
 31 42
 31 43
 31 32
 31 19
 31 18
 32 31
 32 43
 32 44
 32 33
 32 20
 32 19
 33 32
 33 44
 33 45
 33 34
 33 21
 33 20
 34 33
 34 45
 34 46
 34 35
 34 22
 34 21
 35 34
 35 46
 35 47
 35 36
 35 23
 35 22
 36 35
 36 47
 36 48
 36 24
 36 23
 37 49
 37 50
 37 38
 37 26
 37 25
 38 37
 38 50
 38 51
 38 39
 38 27
 38 26
 39 38
 39 51
 39 52
 39 40
 39 28
 39 27
 40 39
 40 52
 40 53
 40 41
 40 29
 40 28
 41 40
 41 53
 41 54
 41 42
 41 30
 41 29
 42 41
 42 54
 42 55
 42 43
 42 31
 42 30
 43 42
 43 55
 43 56
 43 44
 43 32
 43 31
 44 43
 44 56
 44 57
 44 45
 44 33
 44 32
 45 44
 45 57
 45 58
 45 46
 45 34
 45 33
 46 45
 46 58
 46 59
 46 47
 46 35
 46 34
 47 46
 47 59
 47 60
 47 48
 47 36
 47 35
 48 47
 48 60
 48 36
 49 61
 49 50
 49 37
 50 49
 50 61
 50 62
 50 51
 50 38
 50 37
 51 50
 51 62
 51 63
 51 52
 51 39
 51 38
 52 51
 52 63
 52 64
 52 53
 52 40
 52 39
 53 52
 53 64
 53 65
 53 54
 53 41
 53 40
 54 53
 54 65
 54 66
 54 55
 54 42
 54 41
 55 54
 55 66
 55 67
 55 56
 55 43
 55 42
 56 55
 56 67
 56 68
 56 57
 56 44
 56 43
 57 56
 57 68
 57 69
 57 58
 57 45
 57 44
 58 57
 58 69
 58 70
 58 59
 58 46
 58 45
 59 58
 59 70
 59 71
 59 60
 59 47
 59 46
 60 59
 60 71
 60 72
 60 48
 60 47
 61 73
 61 74
 61 62
 61 50
 61 49
 62 61
 62 74
 62 75
 62 63
 62 51
 62 50
 63 62
 63 75
 63 76
 63 64
 63 52
 63 51
 64 63
 64 76
 64 77
 64 65
 64 53
 64 52
 65 64
 65 77
 65 78
 65 66
 65 54
 65 53
 66 65
 66 78
 66 79
 66 67
 66 55
 66 54
 67 66
 67 79
 67 80
 67 68
 67 56
 67 55
 68 67
 68 80
 68 81
 68 69
 68 57
 68 56
 69 68
 69 81
 69 82
 69 70
 69 58
 69 57
 70 69
 70 82
 70 83
 70 71
 70 59
 70 58
 71 70
 71 83
 71 84
 71 72
 71 60
 71 59
 72 71
 72 84
 72 60
 73 85
 73 74
 73 61
 74 73
 74 85
 74 86
 74 75
 74 62
 74 61
 75 74
 75 86
 75 87
 75 76
 75 63
 75 62
 76 75
 76 87
 76 88
 76 77
 76 64
 76 63
 77 76
 77 88
 77 89
 77 78
 77 65
 77 64
 78 77
 78 89
 78 90
 78 79
 78 66
 78 65
 79 78
 79 90
 79 91
 79 80
 79 67
 79 66
 80 79
 80 91
 80 92
 80 81
 80 68
 80 67
 81 80
 81 92
 81 93
 81 82
 81 69
 81 68
 82 81
 82 93
 82 94
 82 83
 82 70
 82 69
 83 82
 83 94
 83 95
 83 84
 83 71
 83 70
 84 83
 84 95
 84 96
 84 72
 84 71
 85 86
 85 74
 85 73
 86 85
 86 87
 86 75
 86 74
 87 86
 87 88
 87 76
 87 75
 88 87
 88 89
 88 77
 88 76
 89 88
 89 90
 89 78
 89 77
 90 89
 90 91
 90 79
 90 78
 91 90
 91 92
 91 80
 91 79
 92 91
 92 93
 92 81
 92 80
 93 92
 93 94
 93 82
 93 81
 94 93
 94 95
 94 83
 94 82
 95 94
 95 96
 95 84
 95 83
 96 95
 96 84


# name: Mstruct
# type: scalar struct
# ndims: 2
 1 1
# length: 7
# name: Mi
# type: matrix
# rows: 498
# columns: 1
 1
 1
 2
 2
 2
 2
 3
 3
 3
 3
 4
 4
 4
 4
 5
 5
 5
 5
 6
 6
 6
 6
 7
 7
 7
 7
 8
 8
 8
 8
 9
 9
 9
 9
 10
 10
 10
 10
 11
 11
 11
 11
 12
 12
 12
 13
 13
 13
 13
 13
 14
 14
 14
 14
 14
 14
 15
 15
 15
 15
 15
 15
 16
 16
 16
 16
 16
 16
 17
 17
 17
 17
 17
 17
 18
 18
 18
 18
 18
 18
 19
 19
 19
 19
 19
 19
 20
 20
 20
 20
 20
 20
 21
 21
 21
 21
 21
 21
 22
 22
 22
 22
 22
 22
 23
 23
 23
 23
 23
 23
 24
 24
 24
 25
 25
 25
 26
 26
 26
 26
 26
 26
 27
 27
 27
 27
 27
 27
 28
 28
 28
 28
 28
 28
 29
 29
 29
 29
 29
 29
 30
 30
 30
 30
 30
 30
 31
 31
 31
 31
 31
 31
 32
 32
 32
 32
 32
 32
 33
 33
 33
 33
 33
 33
 34
 34
 34
 34
 34
 34
 35
 35
 35
 35
 35
 35
 36
 36
 36
 36
 36
 37
 37
 37
 37
 37
 38
 38
 38
 38
 38
 38
 39
 39
 39
 39
 39
 39
 40
 40
 40
 40
 40
 40
 41
 41
 41
 41
 41
 41
 42
 42
 42
 42
 42
 42
 43
 43
 43
 43
 43
 43
 44
 44
 44
 44
 44
 44
 45
 45
 45
 45
 45
 45
 46
 46
 46
 46
 46
 46
 47
 47
 47
 47
 47
 47
 48
 48
 48
 49
 49
 49
 50
 50
 50
 50
 50
 50
 51
 51
 51
 51
 51
 51
 52
 52
 52
 52
 52
 52
 53
 53
 53
 53
 53
 53
 54
 54
 54
 54
 54
 54
 55
 55
 55
 55
 55
 55
 56
 56
 56
 56
 56
 56
 57
 57
 57
 57
 57
 57
 58
 58
 58
 58
 58
 58
 59
 59
 59
 59
 59
 59
 60
 60
 60
 60
 60
 61
 61
 61
 61
 61
 62
 62
 62
 62
 62
 62
 63
 63
 63
 63
 63
 63
 64
 64
 64
 64
 64
 64
 65
 65
 65
 65
 65
 65
 66
 66
 66
 66
 66
 66
 67
 67
 67
 67
 67
 67
 68
 68
 68
 68
 68
 68
 69
 69
 69
 69
 69
 69
 70
 70
 70
 70
 70
 70
 71
 71
 71
 71
 71
 71
 72
 72
 72
 73
 73
 73
 74
 74
 74
 74
 74
 74
 75
 75
 75
 75
 75
 75
 76
 76
 76
 76
 76
 76
 77
 77
 77
 77
 77
 77
 78
 78
 78
 78
 78
 78
 79
 79
 79
 79
 79
 79
 80
 80
 80
 80
 80
 80
 81
 81
 81
 81
 81
 81
 82
 82
 82
 82
 82
 82
 83
 83
 83
 83
 83
 83
 84
 84
 84
 84
 84
 85
 85
 85
 86
 86
 86
 86
 87
 87
 87
 87
 88
 88
 88
 88
 89
 89
 89
 89
 90
 90
 90
 90
 91
 91
 91
 91
 92
 92
 92
 92
 93
 93
 93
 93
 94
 94
 94
 94
 95
 95
 95
 95
 96
 96


# name: Mj
# type: matrix
# rows: 498
# columns: 1
 13
 2
 1
 13
 14
 3
 2
 14
 15
 4
 3
 15
 16
 5
 4
 16
 17
 6
 5
 17
 18
 7
 6
 18
 19
 8
 7
 19
 20
 9
 8
 20
 21
 10
 9
 21
 22
 11
 10
 22
 23
 12
 11
 23
 24
 25
 26
 14
 2
 1
 13
 26
 27
 15
 3
 2
 14
 27
 28
 16
 4
 3
 15
 28
 29
 17
 5
 4
 16
 29
 30
 18
 6
 5
 17
 30
 31
 19
 7
 6
 18
 31
 32
 20
 8
 7
 19
 32
 33
 21
 9
 8
 20
 33
 34
 22
 10
 9
 21
 34
 35
 23
 11
 10
 22
 35
 36
 24
 12
 11
 23
 36
 12
 37
 26
 13
 25
 37
 38
 27
 14
 13
 26
 38
 39
 28
 15
 14
 27
 39
 40
 29
 16
 15
 28
 40
 41
 30
 17
 16
 29
 41
 42
 31
 18
 17
 30
 42
 43
 32
 19
 18
 31
 43
 44
 33
 20
 19
 32
 44
 45
 34
 21
 20
 33
 45
 46
 35
 22
 21
 34
 46
 47
 36
 23
 22
 35
 47
 48
 24
 23
 49
 50
 38
 26
 25
 37
 50
 51
 39
 27
 26
 38
 51
 52
 40
 28
 27
 39
 52
 53
 41
 29
 28
 40
 53
 54
 42
 30
 29
 41
 54
 55
 43
 31
 30
 42
 55
 56
 44
 32
 31
 43
 56
 57
 45
 33
 32
 44
 57
 58
 46
 34
 33
 45
 58
 59
 47
 35
 34
 46
 59
 60
 48
 36
 35
 47
 60
 36
 61
 50
 37
 49
 61
 62
 51
 38
 37
 50
 62
 63
 52
 39
 38
 51
 63
 64
 53
 40
 39
 52
 64
 65
 54
 41
 40
 53
 65
 66
 55
 42
 41
 54
 66
 67
 56
 43
 42
 55
 67
 68
 57
 44
 43
 56
 68
 69
 58
 45
 44
 57
 69
 70
 59
 46
 45
 58
 70
 71
 60
 47
 46
 59
 71
 72
 48
 47
 73
 74
 62
 50
 49
 61
 74
 75
 63
 51
 50
 62
 75
 76
 64
 52
 51
 63
 76
 77
 65
 53
 52
 64
 77
 78
 66
 54
 53
 65
 78
 79
 67
 55
 54
 66
 79
 80
 68
 56
 55
 67
 80
 81
 69
 57
 56
 68
 81
 82
 70
 58
 57
 69
 82
 83
 71
 59
 58
 70
 83
 84
 72
 60
 59
 71
 84
 60
 85
 74
 61
 73
 85
 86
 75
 62
 61
 74
 86
 87
 76
 63
 62
 75
 87
 88
 77
 64
 63
 76
 88
 89
 78
 65
 64
 77
 89
 90
 79
 66
 65
 78
 90
 91
 80
 67
 66
 79
 91
 92
 81
 68
 67
 80
 92
 93
 82
 69
 68
 81
 93
 94
 83
 70
 69
 82
 94
 95
 84
 71
 70
 83
 95
 96
 72
 71
 86
 74
 73
 85
 87
 75
 74
 86
 88
 76
 75
 87
 89
 77
 76
 88
 90
 78
 77
 89
 91
 79
 78
 90
 92
 80
 79
 91
 93
 81
 80
 92
 94
 82
 81
 93
 95
 83
 82
 94
 96
 84
 83
 95
 84


# name: nDemes
# type: scalar
96


# name: nEdges
# type: scalar
498


# name: Juniq
# type: matrix
# rows: 1
# columns: 32
 1 3 4 6 9 13 15 16 21 24 27 28 34 36 39 48 50 59 61 62 65 70 71 74 80 81 83 84 89 92 94 95


# name: Kuniq
# type: matrix
# rows: 1
# columns: 64
 2 5 7 8 10 11 12 14 17 18 19 20 22 23 25 26 29 30 31 32 33 35 37 38 40 41 42 43 44 45 46 47 49 51 52 53 54 55 56 57 58 60 63 64 66 67 68 69 72 73 75 76 77 78 79 82 85 86 87 88 90 91 93 96


# name: allobsrv
# type: scalar
0




# name: Sstruct
# type: scalar struct
# ndims: 2
 1 1
# length: 16
# name: nIndiv
# type: scalar
100


# name: nSites
# type: scalar
1000


# name: oDemes
# type: scalar
32


# name: diploid
# type: scalar
1


# name: microsat
# type: scalar
0


# name: Jinvpt
# type: matrix
# rows: 1
# columns: 100
 1 1 1 2 2 2 3 3 3 3 4 4 4 4 4 5 6 6 6 6 7 7 7 7 7 7 8 8 8 8 9 10 10 10 10 11 11 11 11 11 11 11 12 12 13 14 14 14 14 14 14 17 17 17 17 17 17 15 15 15 18 18 18 18 16 16 19 20 21 22 22 22 22 22 22 22 23 23 24 25 26 27 27 27 27 28 28 28 28 28 29 30 30 30 30 30 31 32 32 32


# name: Counts
# type: sparse matrix
# nnz: 32
# rows: 32
# columns: 32
1 1 3
2 2 3
3 3 4
4 4 5
5 5 1
6 6 4
7 7 6
8 8 4
9 9 1
10 10 4
11 11 7
12 12 2
13 13 1
14 14 6
15 15 3
16 16 2
17 17 6
18 18 4
19 19 1
20 20 1
21 21 1
22 22 7
23 23 2
24 24 1
25 25 1
26 26 1
27 27 4
28 28 5
29 29 1
30 30 5
31 31 1
32 32 3


# name: ldDinvconst
# type: scalar
51.73917846406437


# name: oDinvoconst
# type: scalar
-200


# name: Bconst
# type: scalar
16671.12799999999


# name: Cconst
# type: scalar
0.5


# name: Cinv
# type: sparse matrix
# nnz: 32
# rows: 32
# columns: 32
1 1 0.3333333333333333
2 2 0.3333333333333333
3 3 0.25
4 4 0.2
5 5 1
6 6 0.25
7 7 0.1666666666666667
8 8 0.25
9 9 1
10 10 0.25
11 11 0.1428571428571428
12 12 0.5
13 13 1
14 14 0.1666666666666667
15 15 0.3333333333333333
16 16 0.5
17 17 0.1666666666666667
18 18 0.25
19 19 1
20 20 1
21 21 1
22 22 0.1428571428571428
23 23 0.5
24 24 1
25 25 1
26 26 1
27 27 0.25
28 28 0.2
29 29 1
30 30 0.2
31 31 1
32 32 0.3333333333333333


# name: JtOJ
# type: matrix
# rows: 32
# columns: 32
 9 9 12 15 3 12 18 12 3 12 21 6 3 18 9 6 18 12 3 3 3 21 6 3 3 3 12 15 3 15 3 9
 9 9 12 15 3 12 18 12 3 12 21 6 3 18 9 6 18 12 3 3 3 21 6 3 3 3 12 15 3 15 3 9
 12 12 16 20 4 16 24 16 4 16 28 8 4 24 12 8 24 16 4 4 4 28 8 4 4 4 16 20 4 20 4 12
 15 15 20 25 5 20 30 20 5 20 35 10 5 30 15 10 30 20 5 5 5 35 10 5 5 5 20 25 5 25 5 15
 3 3 4 5 1 4 6 4 1 4 7 2 1 6 3 2 6 4 1 1 1 7 2 1 1 1 4 5 1 5 1 3
 12 12 16 20 4 16 24 16 4 16 28 8 4 24 12 8 24 16 4 4 4 28 8 4 4 4 16 20 4 20 4 12
 18 18 24 30 6 24 36 24 6 24 42 12 6 36 18 12 36 24 6 6 6 42 12 6 6 6 24 30 6 30 6 18
 12 12 16 20 4 16 24 16 4 16 28 8 4 24 12 8 24 16 4 4 4 28 8 4 4 4 16 20 4 20 4 12
 3 3 4 5 1 4 6 4 1 4 7 2 1 6 3 2 6 4 1 1 1 7 2 1 1 1 4 5 1 5 1 3
 12 12 16 20 4 16 24 16 4 16 28 8 4 24 12 8 24 16 4 4 4 28 8 4 4 4 16 20 4 20 4 12
 21 21 28 35 7 28 42 28 7 28 49 14 7 42 21 14 42 28 7 7 7 49 14 7 7 7 28 35 7 35 7 21
 6 6 8 10 2 8 12 8 2 8 14 4 2 12 6 4 12 8 2 2 2 14 4 2 2 2 8 10 2 10 2 6
 3 3 4 5 1 4 6 4 1 4 7 2 1 6 3 2 6 4 1 1 1 7 2 1 1 1 4 5 1 5 1 3
 18 18 24 30 6 24 36 24 6 24 42 12 6 36 18 12 36 24 6 6 6 42 12 6 6 6 24 30 6 30 6 18
 9 9 12 15 3 12 18 12 3 12 21 6 3 18 9 6 18 12 3 3 3 21 6 3 3 3 12 15 3 15 3 9
 6 6 8 10 2 8 12 8 2 8 14 4 2 12 6 4 12 8 2 2 2 14 4 2 2 2 8 10 2 10 2 6
 18 18 24 30 6 24 36 24 6 24 42 12 6 36 18 12 36 24 6 6 6 42 12 6 6 6 24 30 6 30 6 18
 12 12 16 20 4 16 24 16 4 16 28 8 4 24 12 8 24 16 4 4 4 28 8 4 4 4 16 20 4 20 4 12
 3 3 4 5 1 4 6 4 1 4 7 2 1 6 3 2 6 4 1 1 1 7 2 1 1 1 4 5 1 5 1 3
 3 3 4 5 1 4 6 4 1 4 7 2 1 6 3 2 6 4 1 1 1 7 2 1 1 1 4 5 1 5 1 3
 3 3 4 5 1 4 6 4 1 4 7 2 1 6 3 2 6 4 1 1 1 7 2 1 1 1 4 5 1 5 1 3
 21 21 28 35 7 28 42 28 7 28 49 14 7 42 21 14 42 28 7 7 7 49 14 7 7 7 28 35 7 35 7 21
 6 6 8 10 2 8 12 8 2 8 14 4 2 12 6 4 12 8 2 2 2 14 4 2 2 2 8 10 2 10 2 6
 3 3 4 5 1 4 6 4 1 4 7 2 1 6 3 2 6 4 1 1 1 7 2 1 1 1 4 5 1 5 1 3
 3 3 4 5 1 4 6 4 1 4 7 2 1 6 3 2 6 4 1 1 1 7 2 1 1 1 4 5 1 5 1 3
 3 3 4 5 1 4 6 4 1 4 7 2 1 6 3 2 6 4 1 1 1 7 2 1 1 1 4 5 1 5 1 3
 12 12 16 20 4 16 24 16 4 16 28 8 4 24 12 8 24 16 4 4 4 28 8 4 4 4 16 20 4 20 4 12
 15 15 20 25 5 20 30 20 5 20 35 10 5 30 15 10 30 20 5 5 5 35 10 5 5 5 20 25 5 25 5 15
 3 3 4 5 1 4 6 4 1 4 7 2 1 6 3 2 6 4 1 1 1 7 2 1 1 1 4 5 1 5 1 3
 15 15 20 25 5 20 30 20 5 20 35 10 5 30 15 10 30 20 5 5 5 35 10 5 5 5 20 25 5 25 5 15
 3 3 4 5 1 4 6 4 1 4 7 2 1 6 3 2 6 4 1 1 1 7 2 1 1 1 4 5 1 5 1 3
 9 9 12 15 3 12 18 12 3 12 21 6 3 18 9 6 18 12 3 3 3 21 6 3 3 3 12 15 3 15 3 9


# name: JtDJ
# type: matrix
# rows: 32
# columns: 32
 1.78 2.885 4.045 5.644 1.508 3.912 6.101000000000001 4.114999999999999 1.366 5.824 7.207999999999998 2.174 1.454 8.809999999999999 3.111 2.999 6.321000000000001 5.56 1.138 1.119 1.223 10.043 2.907 1.153 1.46 1.443 5.714 7.544 1.423 7.327 1.527 4.455
 2.885 1.788 3.935 5.477 1.503 4.016 5.749000000000001 4.013 1.433 5.782 6.903 2.086 1.445 9.078000000000001 3.122 3.069 6.387 5.684 1.131 1.086 1.228 10.38 2.951 1.18 1.491 1.45 5.974 7.575 1.45 7.466 1.538 4.5
 4.045 3.935 3.838 7.077 1.913 5.618 7.99 5.226 1.867 7.792 9.532999999999999 2.712000000000001 1.929 11.832 4.241 3.914 8.676 7.676 1.511 1.591 1.709 13.607 3.942 1.605 1.937 1.911 7.704000000000001 9.920999999999999 2.033 9.739000000000001 2.023 5.959000000000001
 5.644 5.477 7.077 6.604 2.442 7.384 10.691 6.925000000000001 2.392 9.630000000000001 12.598 3.61 2.288 15.004 5.677 5.033 11.461 9.571999999999999 2.076 2.007 2.165 17.167 4.895 1.991 2.45 2.495 9.699999999999999 12.528 2.567 12.335 2.555 7.422999999999998
 1.508 1.503 1.913 2.442 0 2.006 2.849 1.899 0.392 1.852 3.412 0.976 0.424 2.73 1.579 0.899 2.941 1.78 0.484 0.527 0.487 3.315 0.923 0.481 0.462 0.481 1.854 2.374 0.573 2.403 0.517 1.459
 3.912 4.016 5.618 7.383999999999999 2.006 3.808 7.834 5.532 1.828 7.584 9.375999999999999 2.752 1.864 11.93 4.202 4.084 8.300000000000001 7.488 1.466 1.428 1.68 13.49 3.894 1.548 1.908 1.936 7.744000000000001 9.862 1.84 9.568 1.968 5.98
 6.101 5.749 7.99 10.691 2.849 7.834000000000001 9.173999999999999 7.996 2.781 11.332 13.983 3.918 2.793 17.496 6.339 5.846 12.794 11.076 2.293 2.223 2.423 19.947 5.632 2.413 2.765 2.802999999999999 11.342 14.839 2.877 14.287 2.903 8.876999999999999
 4.115 4.013 5.225999999999999 6.925 1.899 5.532 7.996 3.71 1.843 7.436 9.578999999999999 2.742 1.759 11.302 4.273000000000001 3.738 8.773999999999999 7.228 1.489 1.581 1.615 13.261 3.774 1.547 1.853 1.883 7.536 9.663 1.947 9.430999999999999 1.989 5.785
 1.366 1.433 1.867 2.392 0.392 1.828 2.781 1.843 0 1.462 3.296 0.9179999999999999 0.366 2.242 1.469 0.779 2.729 1.572 0.478 0.489 0.457 2.759 0.771 0.475 0.42 0.423 1.544 2.11 0.509 1.989 0.437 1.239
 5.824 5.782 7.792 9.629999999999999 1.852 7.584000000000001 11.332 7.436 1.462 3.584 13.818 3.86 1.346 7.804 5.974 2.914 11.628 5.644 1.906 2.028 1.774 10.334 2.87 2.062 1.596 1.576 5.932 7.850000000000001 1.838 7.506 1.556 4.592000000000001
 7.207999999999999 6.903 9.532999999999999 12.598 3.412 9.375999999999999 13.983 9.579000000000001 3.296 13.818 12.932 4.736 3.38 20.95 7.185 7.213000000000001 14.175 13.25 2.554 2.509 2.895 24.259 6.947 2.623 3.422 3.393 13.86 17.602 3.359 17.339 3.527 10.497
 2.174 2.086 2.712 3.61 0.976 2.752 3.918 2.742 0.9179999999999999 3.86 4.736 0.632 0.9399999999999999 5.88 2.028 1.992 4.272 3.666 0.73 0.728 0.8140000000000001 6.767999999999999 1.934 0.772 0.946 0.954 3.802 4.878 0.96 4.832 0.964 2.966
 1.454 1.445 1.929 2.288 0.424 1.864 2.793 1.759 0.366 1.346 3.38 0.9399999999999999 0 1.968 1.487 0.6950000000000001 2.912999999999999 1.35 0.474 0.499 0.433 2.383 0.649 0.497 0.382 0.379 1.44 1.804 0.461 1.783 0.403 1.105
 8.81 9.077999999999999 11.832 15.004 2.73 11.93 17.496 11.302 2.242 7.803999999999999 20.95 5.88 1.968 9.016 8.976000000000001 4.054 17.766 7.93 2.9 3.094 2.586 14.312 3.92 3.036 2.276 2.184 8.6 11.08 2.954 10.878 2.268 6.592
 3.111 3.122 4.241 5.677 1.579 4.202 6.339 4.273 1.469 5.974 7.185 2.028 1.487 8.975999999999999 1.952 3.087 6.179 5.800000000000001 1.067 1.068 1.2 10.59 2.975 1.128 1.479 1.446 6.016 7.853000000000001 1.452 7.502 1.564 4.628
 2.999 3.069 3.914 5.032999999999999 0.899 4.084 5.845999999999999 3.738 0.779 2.914 7.213000000000001 1.992 0.6950000000000001 4.054 3.087 0.638 5.960000000000001 2.724 0.9690000000000001 1.059 0.885 4.797 1.266 1.019 0.761 0.7050000000000001 2.712 3.537 0.961 3.563 0.743 2.185
 6.321 6.387 8.675999999999998 11.461 2.941 8.300000000000001 12.794 8.774000000000001 2.729 11.628 14.175 4.272 2.912999999999999 17.766 6.179 5.960000000000001 9.506 11.262 2.127 2.127 2.527 20.245 5.756 2.161 2.941 2.845 11.52 14.791 2.787 14.427 3.033 8.734999999999999
 5.56 5.683999999999999 7.676 9.572000000000001 1.78 7.488 11.076 7.228 1.572 5.644 13.25 3.666 1.35 7.93 5.799999999999999 2.724 11.262 3.732 1.828 1.958 1.626 9.25 2.558 1.902 1.502 1.406 5.454 7.156000000000001 1.824 6.946 1.444 4.27
 1.138 1.131 1.511 2.076 0.484 1.466 2.293 1.489 0.478 1.906 2.554 0.73 0.474 2.9 1.067 0.9690000000000001 2.127 1.828 0 0.347 0.431 3.391 0.9550000000000001 0.333 0.46 0.463 1.926 2.42 0.443 2.397 0.527 1.471
 1.119 1.086 1.591 2.007 0.527 1.428 2.223 1.581 0.489 2.028 2.509 0.728 0.499 3.094 1.068 1.059 2.127 1.958 0.347 0 0.392 3.594 1.039 0.354 0.523 0.5 2.046 2.679 0.478 2.558 0.534 1.598
 1.223 1.228 1.709 2.165 0.487 1.68 2.423 1.615 0.457 1.774 2.895 0.8140000000000001 0.433 2.586 1.2 0.885 2.527 1.626 0.431 0.392 0 3.02 0.841 0.422 0.443 0.434 1.718 2.245 0.452 2.082 0.436 1.352
 10.043 10.38 13.607 17.167 3.315 13.49 19.947 13.261 2.759 10.334 24.259 6.768 2.383 14.312 10.59 4.797 20.245 9.25 3.391 3.594 3.02 13.292 4.435 3.436 2.523 2.33 9.288 12.101 3.298 11.78 2.352 7.215999999999999
 2.907 2.951 3.942 4.895 0.923 3.894 5.632000000000001 3.774 0.771 2.87 6.946999999999999 1.934 0.649 3.92 2.975 1.266 5.755999999999999 2.558 0.9550000000000001 1.039 0.841 4.435 0.5620000000000001 0.993 0.767 0.675 2.658 3.349 0.9470000000000001 3.441 0.677 2.017
 1.153 1.18 1.605 1.991 0.481 1.548 2.413 1.547 0.475 2.062 2.623 0.772 0.497 3.036 1.128 1.019 2.161 1.902 0.333 0.354 0.422 3.436 0.993 0 0.487 0.484 2.014 2.471 0.47 2.48 0.528 1.538
 1.46 1.491 1.937 2.45 0.462 1.908 2.765 1.853 0.42 1.596 3.422 0.946 0.382 2.276 1.479 0.761 2.941 1.502 0.46 0.523 0.443 2.523 0.767 0.487 0 0.361 1.466 1.95 0.469 1.721 0.365 1.173
 1.443 1.45 1.911 2.495 0.481 1.936 2.802999999999999 1.883 0.423 1.576 3.393 0.954 0.379 2.184 1.446 0.7050000000000001 2.845 1.406 0.463 0.5 0.434 2.33 0.675 0.484 0.361 0 1.356 1.901 0.464 1.826 0.372 1.082
 5.714 5.974 7.704000000000001 9.700000000000001 1.854 7.744 11.342 7.536 1.544 5.931999999999999 13.86 3.802 1.44 8.6 6.016 2.712 11.52 5.454000000000001 1.926 2.046 1.718 9.288 2.658 2.014 1.466 1.356 3.888 6.898 1.924 6.566000000000001 1.338 4.053999999999999
 7.544 7.575 9.920999999999999 12.528 2.374 9.862 14.839 9.663 2.11 7.850000000000001 17.602 4.878 1.804 11.08 7.853 3.537 14.791 7.156 2.42 2.679 2.245 12.101 3.349 2.471 1.95 1.901 6.898 6.464 2.393 8.834999999999999 1.799 5.279
 1.423 1.45 2.033 2.567 0.573 1.84 2.877 1.947 0.509 1.838 3.359 0.96 0.461 2.954 1.452 0.961 2.787 1.824 0.443 0.478 0.452 3.298 0.9470000000000001 0.47 0.469 0.464 1.924 2.393 0 2.28 0.468 1.442
 7.327000000000001 7.465999999999999 9.738999999999999 12.335 2.403 9.568 14.287 9.430999999999999 1.989 7.506 17.339 4.832000000000001 1.783 10.878 7.502 3.563 14.427 6.946 2.397 2.558 2.082 11.78 3.441 2.48 1.721 1.826 6.566 8.835000000000001 2.28 6.064 1.644 5.321999999999999
 1.527 1.538 2.023 2.555 0.517 1.968 2.903 1.989 0.437 1.556 3.527 0.964 0.403 2.268 1.564 0.743 3.033 1.444 0.527 0.534 0.436 2.352 0.677 0.528 0.365 0.372 1.338 1.799 0.468 1.644 0 0.996
 4.455 4.5 5.959 7.423 1.459 5.98 8.876999999999999 5.785 1.239 4.592000000000001 10.497 2.966 1.105 6.592 4.628 2.185 8.734999999999999 4.27 1.471 1.598 1.352 7.216 2.017 1.538 1.173 1.082 4.054 5.279 1.442 5.322000000000001 0.996 1.9


# name: JtDOJ
# type: matrix
# rows: 32
# columns: 32
 1479.516 1482.288 1976.38 2504.108 531.256 1969.324 2933.712 1955.008 503.5960000000001 1998.46 3455.98 984.8240000000001 493.144 2988.204 1499.652 1001.972 2967.912 1959.052 499.6959999999999 509.164 498.5559999999999 3459.88 984.692 508.2039999999999 503.1400000000001 498.3520000000001 1979.872 2515.436 530.644 2482.832 504.5560000000002 1505.88
 1482.288 1485.06 1980.076 2508.728000000001 532.1800000000001 1973.02 2939.256 1958.704 504.52 2002.156 3462.448000000001 986.672 494.068 2993.748000000001 1502.424 1003.82 2973.456 1962.748 500.6199999999999 510.088 499.4799999999999 3466.348000000001 986.54 509.1279999999999 504.0640000000001 499.2760000000001 1983.568 2520.056 531.568 2487.452 505.4800000000001 1508.652
 1976.38 1980.076 2640.096 3344.964 709.5719999999999 2630.688 3919 2611.6 672.692 2669.536 4616.588000000001 1315.56 658.7560000000001 3991.656 2003.228 1338.424 3964.6 2616.992 667.4919999999998 680.116 665.9719999999999 4621.788 1315.384 678.8359999999999 672.0840000000001 665.7000000000003 2644.752 3360.068000000001 708.756 3316.596 673.9720000000002 2011.532
 2504.108 2508.728000000001 3344.964 4237.26 898.1759999999999 3333.204 4966.016000000001 3309.344000000001 852.076 3381.764 5849.212 1666.872 834.6560000000002 5056.836000000001 2537.668 1695.452 5023.016000000001 3316.084 845.5759999999998 861.356 843.6759999999999 5855.712 1666.652 859.7559999999999 851.316 843.3360000000002 3350.784 4256.139999999999 897.1559999999999 4201.8 853.6760000000004 2548.048
 531.256 532.1800000000001 709.5719999999999 898.1759999999999 189.78 707.22 1054.072 702.4479999999999 180.56 716.932 1240.856 353.664 177.076 1072.236 537.968 359.38 1065.472 703.796 179.26 182.416 178.88 1242.156 353.62 182.096 180.408 178.8120000000001 710.736 901.9520000000002 189.576 891.0840000000001 180.8800000000001 540.0440000000001
 1969.324 1973.02 2630.688 3333.204000000001 707.22 2621.28 3904.888 2602.192 670.3399999999999 2660.128 4600.124 1310.856 656.404 3977.544 1996.172 1333.72 3950.488 2607.584 665.1399999999996 677.7639999999999 663.6199999999997 4605.324 1310.68 676.4839999999997 669.732 663.348 2635.343999999999 3348.307999999999 706.4039999999998 3304.835999999999 671.6200000000001 2004.476
 2933.712 2939.256 3919 4966.016000000001 1054.072 3904.888 5816.784 3876.256 998.752 3963.16 6852.88 1952.768 977.848 5925.768 2973.984 1987.064 5885.184 3884.344 990.9519999999998 1009.888 988.6719999999998 6860.680000000001 1952.504 1007.968 997.84 988.2640000000004 3925.983999999999 4988.672 1052.848 4923.464 1000.672 2986.44
 1955.008 1958.704 2611.6 3309.344 702.4479999999999 2602.192 3876.256 2583.104 665.568 2641.04 4566.72 1301.312 651.6320000000001 3948.912 1981.856 1324.176 3921.856 2588.496 660.3679999999999 672.992 658.848 4571.92 1301.136 671.7119999999999 664.96 658.5760000000002 2616.256 3324.448 701.6319999999999 3280.976000000001 666.8480000000002 1990.16
 503.5960000000001 504.52 672.692 852.076 180.56 670.3399999999999 998.752 665.568 171.34 680.052 1176.316 335.224 167.856 1016.916 510.308 340.94 1010.152 666.9160000000001 170.04 173.196 169.66 1177.616 335.18 172.876 171.188 169.592 673.856 855.8520000000001 180.356 844.9840000000002 171.6600000000001 512.384
 1998.46 2002.156 2669.536 3381.764 716.932 2660.128 3963.16 2641.04 680.052 2698.976 4668.108 1330.28 666.116 4035.816 2025.308 1353.144 4008.76 2646.432 674.8519999999999 687.4759999999999 673.3319999999999 4673.308 1330.104 686.1959999999999 679.4440000000001 673.0600000000002 2674.192 3396.868 716.116 3353.396 681.3320000000002 2033.612
 3455.98 3462.448 4616.588 5849.212 1240.856 4600.124 6852.879999999999 4566.72 1176.316 4668.108000000001 8072.764 2300.44 1151.928 6980.027999999999 3502.964 2340.452 6932.68 4576.156 1167.216 1189.308 1164.556 8081.864000000001 2300.132 1187.068 1175.252 1164.08 4624.736 5875.644 1239.428 5799.568000000001 1178.556 3517.496
 984.8240000000001 986.6720000000001 1315.56 1666.872 353.664 1310.856 1952.768 1301.312 335.224 1330.28 2300.44 655.5360000000001 328.256 1989.096 998.248 666.9679999999998 1975.568 1304.008 332.6239999999999 338.9359999999999 331.8639999999999 2303.04 655.4479999999999 338.2959999999999 334.92 331.7280000000001 1317.888 1674.424 353.256 1652.688 335.864 1002.4
 493.144 494.068 658.7560000000001 834.6560000000002 177.076 656.404 977.848 651.6320000000001 167.856 666.116 1151.928 328.256 164.372 996.0120000000001 499.856 333.972 989.248 652.98 166.556 169.712 166.176 1153.228 328.212 169.3919999999999 167.704 166.108 659.92 838.4319999999999 176.872 827.564 168.176 501.932
 2988.204 2993.748000000001 3991.656 5056.836 1072.236 3977.544 5925.768000000001 3948.912 1016.916 4035.816 6980.027999999999 1989.096 996.0120000000001 6034.751999999999 3028.476 2023.392 5994.168 3957 1009.116 1028.052 1006.836 6987.828 1988.832 1026.132 1016.004 1006.428 3998.64 5079.492 1071.012 5014.284 1018.836 3040.932
 1499.652 1502.424 2003.228 2537.668 537.968 1996.172 2973.984 1981.856 510.308 2025.308 3502.964 998.248 499.856 3028.476 1519.788 1015.396 3008.184 1985.9 506.4079999999998 515.876 505.2679999999999 3506.864 998.1159999999999 514.9159999999998 509.852 505.0640000000001 2006.72 2548.996 537.3559999999999 2516.392 511.2680000000001 1526.016
 1001.972 1003.82 1338.424 1695.452 359.38 1333.72 1987.064 1324.176 340.94 1353.144 2340.452 666.9679999999998 333.972 2023.392 1015.396 678.3999999999999 2009.864 1326.872 338.3399999999999 344.6519999999999 337.5799999999999 2343.052 666.8799999999998 344.0119999999999 340.636 337.444 1340.752 1703.004 358.9719999999999 1681.268 341.58 1019.548
 2967.912 2973.456 3964.6 5023.016 1065.472 3950.488 5885.184 3921.856 1010.152 4008.76 6932.68 1975.568 989.248 5994.168 3008.184 2009.864 5953.583999999999 3929.944 1002.352 1021.288 1000.072 6940.480000000001 1975.304 1019.368 1009.24 999.6640000000002 3971.584 5045.672 1064.248 4980.464 1012.072 3020.64
 1959.052 1962.748 2616.992 3316.084 703.796 2607.584 3884.344 2588.496 666.9160000000001 2646.432 4576.156 1304.008 652.98 3957 1985.9 1326.872 3929.944 2593.888 661.7159999999999 674.3399999999999 660.1959999999999 4581.356 1303.832 673.0599999999999 666.308 659.924 2621.648 3331.188 702.9799999999999 3287.716 668.1960000000001 1994.204
 499.6959999999999 500.6199999999999 667.4919999999998 845.5759999999998 179.26 665.1399999999996 990.9519999999998 660.3679999999999 170.04 674.8519999999999 1167.216 332.6239999999999 166.556 1009.116 506.4079999999998 338.3399999999999 1002.352 661.7159999999999 168.74 171.896 168.36 1168.516 332.5799999999999 171.576 169.888 168.292 668.6559999999999 849.352 179.056 838.4839999999999 170.36 508.4839999999999
 509.164 510.088 680.116 861.356 182.416 677.7639999999999 1009.888 672.992 173.196 687.4759999999999 1189.308 338.9359999999999 169.712 1028.052 515.876 344.6519999999999 1021.288 674.3399999999999 171.896 175.052 171.516 1190.608 338.8919999999999 174.732 173.044 171.448 681.2799999999999 865.1319999999999 182.212 854.2639999999999 173.516 517.952
 498.5559999999999 499.4799999999999 665.9719999999999 843.6759999999999 178.88 663.6199999999997 988.6719999999998 658.848 169.66 673.3319999999999 1164.556 331.8639999999999 166.176 1006.836 505.2679999999999 337.5799999999999 1000.072 660.1959999999999 168.36 171.516 167.98 1165.856 331.8199999999999 171.196 169.508 167.912 667.136 847.452 178.676 836.5839999999999 169.98 507.3439999999999
 3459.88 3466.348 4621.788 5855.712 1242.156 4605.324 6860.68 4571.92 1177.616 4673.308000000001 8081.864000000001 2303.04 1153.228 6987.828 3506.864 2343.052 6940.480000000001 4581.356 1168.516 1190.608 1165.856 8090.964000000001 2302.732 1188.368 1176.552 1165.38 4629.936 5882.144000000001 1240.728 5806.068 1179.856 3521.396
 984.6919999999999 986.54 1315.384 1666.652 353.62 1310.68 1952.504 1301.136 335.18 1330.104 2300.132 655.4479999999999 328.212 1988.832 998.116 666.8799999999998 1975.304 1303.832 332.5799999999999 338.8919999999999 331.8199999999999 2302.732 655.3599999999998 338.2519999999999 334.876 331.684 1317.712 1674.204 353.2119999999999 1652.468 335.82 1002.268
 508.2039999999999 509.1279999999999 678.8359999999999 859.7559999999999 182.096 676.4839999999997 1007.968 671.7119999999999 172.876 686.1959999999999 1187.068 338.2959999999999 169.3919999999999 1026.132 514.9159999999998 344.0119999999999 1019.368 673.0599999999999 171.576 174.732 171.196 1188.368 338.2519999999999 174.4119999999999 172.724 171.128 679.9999999999999 863.5319999999999 181.8919999999999 852.6639999999999 173.196 516.992
 503.1400000000001 504.0640000000001 672.0840000000001 851.316 180.408 669.732 997.84 664.96 171.188 679.4440000000001 1175.252 334.92 167.704 1016.004 509.852 340.636 1009.24 666.308 169.888 173.044 169.508 1176.552 334.876 172.724 171.036 169.44 673.248 855.0920000000002 180.204 844.2240000000002 171.508 511.9280000000001
 498.3520000000001 499.2760000000001 665.7000000000003 843.3360000000002 178.8120000000001 663.348 988.2640000000004 658.5760000000002 169.592 673.0600000000002 1164.08 331.7280000000001 166.108 1006.428 505.0640000000001 337.444 999.6640000000002 659.924 168.292 171.448 167.912 1165.38 331.684 171.128 169.44 167.844 666.864 847.1120000000001 178.608 836.2440000000001 169.912 507.14
 1979.872 1983.568 2644.752 3350.784 710.736 2635.343999999999 3925.984 2616.256 673.856 2674.192 4624.736 1317.888 659.92 3998.64 2006.72 1340.752 3971.584 2621.648 668.6559999999999 681.2799999999999 667.136 4629.936000000001 1317.712 679.9999999999999 673.248 666.864 2649.408 3365.888 709.9199999999998 3322.416 675.1360000000002 2015.024
 2515.436 2520.056 3360.068 4256.139999999999 901.9520000000002 3348.308 4988.672 3324.448 855.8520000000001 3396.868 5875.643999999999 1674.424 838.4319999999999 5079.492 2548.996 1703.004 5045.672000000001 3331.188 849.352 865.1319999999999 847.452 5882.144 1674.204 863.5319999999999 855.0920000000002 847.1120000000001 3365.888 4275.02 900.9319999999998 4220.68 857.4520000000002 2559.376
 530.644 531.568 708.756 897.1559999999999 189.576 706.4039999999998 1052.848 701.6319999999999 180.356 716.116 1239.428 353.256 176.872 1071.012 537.3559999999999 358.9719999999999 1064.248 702.9799999999999 179.056 182.212 178.676 1240.728 353.2119999999999 181.8919999999999 180.204 178.608 709.9199999999998 900.9319999999998 189.372 890.0639999999999 180.676 539.4319999999999
 2482.832 2487.452 3316.596 4201.8 891.0840000000001 3304.836 4923.464 3280.976 844.9840000000002 3353.396 5799.567999999999 1652.688 827.564 5014.284000000001 2516.392 1681.268 4980.464 3287.716 838.4839999999999 854.2639999999999 836.5839999999999 5806.068000000001 1652.468 852.6639999999999 844.2240000000002 836.2440000000001 3322.416 4220.68 890.0639999999999 4166.34 846.5840000000003 2526.772
 504.5560000000002 505.4800000000001 673.9720000000002 853.6760000000004 180.8800000000001 671.6200000000001 1000.672 666.8480000000002 171.6600000000001 681.3320000000002 1178.556 335.864 168.176 1018.836 511.2680000000001 341.58 1012.072 668.1960000000001 170.36 173.516 169.98 1179.856 335.82 173.196 171.508 169.912 675.1360000000002 857.4520000000002 180.676 846.5840000000003 171.9800000000001 513.3440000000002
 1505.88 1508.652 2011.532 2548.048 540.0440000000001 2004.476 2986.44 1990.16 512.384 2033.612 3517.496 1002.4 501.932 3040.932 1526.016 1019.548 3020.64 1994.204 508.4839999999999 517.952 507.3439999999999 3521.396 1002.268 516.992 511.9280000000001 507.14 2015.024 2559.376 539.4319999999999 2526.772 513.3440000000002 1532.244


# name: ldDviQ
# type: scalar
180.6858010746354




# name: Vcoord
# type: matrix
# rows: 96
# columns: 2
 0 0
 0.6521739130434783 0
 1.304347826086957 0
 1.956521739130435 0
 2.608695652173913 0
 3.260869565217392 0
 3.91304347826087 0
 4.565217391304348 0
 5.217391304347826 0
 5.869565217391305 0
 6.521739130434783 0
 7.173913043478261 0
 0.3260869565217391 0.7423074285714285
 0.9782608695652174 0.7423074285714285
 1.630434782608696 0.7423074285714285
 2.282608695652174 0.7423074285714285
 2.934782608695652 0.7423074285714285
 3.58695652173913 0.7423074285714285
 4.239130434782608 0.7423074285714285
 4.891304347826087 0.7423074285714285
 5.543478260869565 0.7423074285714285
 6.195652173913044 0.7423074285714285
 6.847826086956522 0.7423074285714285
 7.5 0.7423074285714285
 0 1.484614857142857
 0.6521739130434783 1.484614857142857
 1.304347826086957 1.484614857142857
 1.956521739130435 1.484614857142857
 2.608695652173913 1.484614857142857
 3.260869565217392 1.484614857142857
 3.91304347826087 1.484614857142857
 4.565217391304348 1.484614857142857
 5.217391304347826 1.484614857142857
 5.869565217391305 1.484614857142857
 6.521739130434783 1.484614857142857
 7.173913043478261 1.484614857142857
 0.3260869565217391 2.226922285714286
 0.9782608695652174 2.226922285714286
 1.630434782608696 2.226922285714286
 2.282608695652174 2.226922285714286
 2.934782608695652 2.226922285714286
 3.58695652173913 2.226922285714286
 4.239130434782608 2.226922285714286
 4.891304347826087 2.226922285714286
 5.543478260869565 2.226922285714286
 6.195652173913044 2.226922285714286
 6.847826086956522 2.226922285714286
 7.5 2.226922285714286
 0 2.969229714285714
 0.6521739130434783 2.969229714285714
 1.304347826086957 2.969229714285714
 1.956521739130435 2.969229714285714
 2.608695652173913 2.969229714285714
 3.260869565217392 2.969229714285714
 3.91304347826087 2.969229714285714
 4.565217391304348 2.969229714285714
 5.217391304347826 2.969229714285714
 5.869565217391305 2.969229714285714
 6.521739130434783 2.969229714285714
 7.173913043478261 2.969229714285714
 0.3260869565217391 3.711537142857142
 0.9782608695652174 3.711537142857142
 1.630434782608696 3.711537142857142
 2.282608695652174 3.711537142857142
 2.934782608695652 3.711537142857142
 3.58695652173913 3.711537142857142
 4.239130434782608 3.711537142857142
 4.891304347826087 3.711537142857142
 5.543478260869565 3.711537142857142
 6.195652173913044 3.711537142857142
 6.847826086956522 3.711537142857142
 7.5 3.711537142857142
 0 4.453844571428571
 0.6521739130434783 4.453844571428571
 1.304347826086957 4.453844571428571
 1.956521739130435 4.453844571428571
 2.608695652173913 4.453844571428571
 3.260869565217392 4.453844571428571
 3.91304347826087 4.453844571428571
 4.565217391304348 4.453844571428571
 5.217391304347826 4.453844571428571
 5.869565217391305 4.453844571428571
 6.521739130434783 4.453844571428571
 7.173913043478261 4.453844571428571
 0.3260869565217391 5.196152
 0.9782608695652174 5.196152
 1.630434782608696 5.196152
 2.282608695652174 5.196152
 2.934782608695652 5.196152
 3.58695652173913 5.196152
 4.239130434782608 5.196152
 4.891304347826087 5.196152
 5.543478260869565 5.196152
 6.195652173913044 5.196152
 6.847826086956522 5.196152
 7.5 5.196152


# name: Vedges
# type: matrix
# rows: 96
# columns: 6
 0 0 13 2 0 0
 1 13 14 3 0 0
 2 14 15 4 0 0
 3 15 16 5 0 0
 4 16 17 6 0 0
 5 17 18 7 0 0
 6 18 19 8 0 0
 7 19 20 9 0 0
 8 20 21 10 0 0
 9 21 22 11 0 0
 10 22 23 12 0 0
 11 23 24 0 0 0
 0 25 26 14 2 1
 13 26 27 15 3 2
 14 27 28 16 4 3
 15 28 29 17 5 4
 16 29 30 18 6 5
 17 30 31 19 7 6
 18 31 32 20 8 7
 19 32 33 21 9 8
 20 33 34 22 10 9
 21 34 35 23 11 10
 22 35 36 24 12 11
 23 36 0 0 0 12
 0 0 37 26 13 0
 25 37 38 27 14 13
 26 38 39 28 15 14
 27 39 40 29 16 15
 28 40 41 30 17 16
 29 41 42 31 18 17
 30 42 43 32 19 18
 31 43 44 33 20 19
 32 44 45 34 21 20
 33 45 46 35 22 21
 34 46 47 36 23 22
 35 47 48 0 24 23
 0 49 50 38 26 25
 37 50 51 39 27 26
 38 51 52 40 28 27
 39 52 53 41 29 28
 40 53 54 42 30 29
 41 54 55 43 31 30
 42 55 56 44 32 31
 43 56 57 45 33 32
 44 57 58 46 34 33
 45 58 59 47 35 34
 46 59 60 48 36 35
 47 60 0 0 0 36
 0 0 61 50 37 0
 49 61 62 51 38 37
 50 62 63 52 39 38
 51 63 64 53 40 39
 52 64 65 54 41 40
 53 65 66 55 42 41
 54 66 67 56 43 42
 55 67 68 57 44 43
 56 68 69 58 45 44
 57 69 70 59 46 45
 58 70 71 60 47 46
 59 71 72 0 48 47
 0 73 74 62 50 49
 61 74 75 63 51 50
 62 75 76 64 52 51
 63 76 77 65 53 52
 64 77 78 66 54 53
 65 78 79 67 55 54
 66 79 80 68 56 55
 67 80 81 69 57 56
 68 81 82 70 58 57
 69 82 83 71 59 58
 70 83 84 72 60 59
 71 84 0 0 0 60
 0 0 85 74 61 0
 73 85 86 75 62 61
 74 86 87 76 63 62
 75 87 88 77 64 63
 76 88 89 78 65 64
 77 89 90 79 66 65
 78 90 91 80 67 66
 79 91 92 81 68 67
 80 92 93 82 69 68
 81 93 94 83 70 69
 82 94 95 84 71 70
 83 95 96 0 72 71
 0 0 0 86 74 73
 85 0 0 87 75 74
 86 0 0 88 76 75
 87 0 0 89 77 76
 88 0 0 90 78 77
 89 0 0 91 79 78
 90 0 0 92 80 79
 91 0 0 93 81 80
 92 0 0 94 82 81
 93 0 0 95 83 82
 94 0 0 96 84 83
 95 0 0 0 0 84


# name: Voronoi
# type: scalar struct
# ndims: 2
 1 1
# length: 5
# name: ntiles
# type: scalar
10


# name: Vcoord
# type: matrix
# rows: 96
# columns: 2
 0 0
 0.6521739130434783 0
 1.304347826086957 0
 1.956521739130435 0
 2.608695652173913 0
 3.260869565217392 0
 3.91304347826087 0
 4.565217391304348 0
 5.217391304347826 0
 5.869565217391305 0
 6.521739130434783 0
 7.173913043478261 0
 0.3260869565217391 0.7423074285714285
 0.9782608695652174 0.7423074285714285
 1.630434782608696 0.7423074285714285
 2.282608695652174 0.7423074285714285
 2.934782608695652 0.7423074285714285
 3.58695652173913 0.7423074285714285
 4.239130434782608 0.7423074285714285
 4.891304347826087 0.7423074285714285
 5.543478260869565 0.7423074285714285
 6.195652173913044 0.7423074285714285
 6.847826086956522 0.7423074285714285
 7.5 0.7423074285714285
 0 1.484614857142857
 0.6521739130434783 1.484614857142857
 1.304347826086957 1.484614857142857
 1.956521739130435 1.484614857142857
 2.608695652173913 1.484614857142857
 3.260869565217392 1.484614857142857
 3.91304347826087 1.484614857142857
 4.565217391304348 1.484614857142857
 5.217391304347826 1.484614857142857
 5.869565217391305 1.484614857142857
 6.521739130434783 1.484614857142857
 7.173913043478261 1.484614857142857
 0.3260869565217391 2.226922285714286
 0.9782608695652174 2.226922285714286
 1.630434782608696 2.226922285714286
 2.282608695652174 2.226922285714286
 2.934782608695652 2.226922285714286
 3.58695652173913 2.226922285714286
 4.239130434782608 2.226922285714286
 4.891304347826087 2.226922285714286
 5.543478260869565 2.226922285714286
 6.195652173913044 2.226922285714286
 6.847826086956522 2.226922285714286
 7.5 2.226922285714286
 0 2.969229714285714
 0.6521739130434783 2.969229714285714
 1.304347826086957 2.969229714285714
 1.956521739130435 2.969229714285714
 2.608695652173913 2.969229714285714
 3.260869565217392 2.969229714285714
 3.91304347826087 2.969229714285714
 4.565217391304348 2.969229714285714
 5.217391304347826 2.969229714285714
 5.869565217391305 2.969229714285714
 6.521739130434783 2.969229714285714
 7.173913043478261 2.969229714285714
 0.3260869565217391 3.711537142857142
 0.9782608695652174 3.711537142857142
 1.630434782608696 3.711537142857142
 2.282608695652174 3.711537142857142
 2.934782608695652 3.711537142857142
 3.58695652173913 3.711537142857142
 4.239130434782608 3.711537142857142
 4.891304347826087 3.711537142857142
 5.543478260869565 3.711537142857142
 6.195652173913044 3.711537142857142
 6.847826086956522 3.711537142857142
 7.5 3.711537142857142
 0 4.453844571428571
 0.6521739130434783 4.453844571428571
 1.304347826086957 4.453844571428571
 1.956521739130435 4.453844571428571
 2.608695652173913 4.453844571428571
 3.260869565217392 4.453844571428571
 3.91304347826087 4.453844571428571
 4.565217391304348 4.453844571428571
 5.217391304347826 4.453844571428571
 5.869565217391305 4.453844571428571
 6.521739130434783 4.453844571428571
 7.173913043478261 4.453844571428571
 0.3260869565217391 5.196152
 0.9782608695652174 5.196152
 1.630434782608696 5.196152
 2.282608695652174 5.196152
 2.934782608695652 5.196152
 3.58695652173913 5.196152
 4.239130434782608 5.196152
 4.891304347826087 5.196152
 5.543478260869565 5.196152
 6.195652173913044 5.196152
 6.847826086956522 5.196152
 7.5 5.196152


# name: Scoord
# type: matrix
# rows: 10
# columns: 2
 6.67051489416736 0.5714206350207821
