2.51524  8.9388 6.91813 7.18637 8.78835 10.7079 6.01898 8.29649 9.12307 9.82267 5.28429 6.87137  8.3454 6.01341 9.41161 12.8066 10.1101 9.95663 12.6185 8.68819 12.0708 12.0509 12.0335 12.0182 12.0557 12.0532  12.074 12.0452 12.0427 11.9938 12.0799 12.0941 12.0432 12.0694 12.0736 12.0677 12.0611 12.0605 12.0577 12.0652 12.0579 12.0344 12.0508 11.9951 12.0584 12.0547 12.0542 12.0758 12.0234  12.058   11.99 12.0695 12.1098 12.1479 12.0649
 8.9388 2.51758 7.48287 5.08532 3.34649 5.46096 5.87791 3.51446 4.33936 4.53726 8.11944 8.30473 3.76372 5.61485 4.09524 8.34476   4.847 4.67508 8.16156  3.3468 7.61422 7.59548 7.57972 7.57828 7.60066 7.60169 7.61752 7.59067 7.58914 7.55505 7.62344 7.63731 7.58825 7.61293 7.61702 7.61119  7.6049 7.60421 7.60148 7.60873 7.60193 7.59807 7.59482 7.55468 7.60236 7.59854 7.59839 7.62233  7.5706 7.60171 7.55027 7.61317 7.65301 7.69845 7.60933
6.91813 7.48287 2.51524 5.72708 7.33267  9.2536 4.45655 6.83986 7.66656  8.3679 6.40406   6.804 6.88856 4.52941 7.95641 11.3625 8.65562 8.50194 11.1744 7.23255 10.6267 10.6069 10.5895 10.5743 10.6117 10.6092 10.6299 10.6011 10.5987   10.55 10.6358   10.65 10.5992 10.6253 10.6296 10.6237  10.617 10.6164 10.6137 10.6211 10.6138 10.5906 10.6067 10.5513 10.6144 10.6106 10.6101 10.6318 10.5794 10.6139 10.5462 10.6255 10.6657 10.7039 10.6209
7.18637 5.08532 5.72708 2.51681 4.94212 6.88486 4.12237 4.43622 5.26646 5.99177 6.36769 6.55358 4.48503 3.85738 5.57349 9.15112 6.28368 6.12656 8.96373 4.84309 8.41603 8.39647 8.37944 8.36714 8.40135 8.39967 8.41926 8.39092 8.38865   8.343 8.42518 8.43926 8.38887  8.4147 8.41888 8.41301 8.40644 8.40581 8.40308 8.41046 8.40326 8.38391 8.39616 8.34406 8.40381 8.40003  8.3996  8.4218 8.36955 8.40333 8.33906 8.41484 8.45499 8.49483 8.41042
8.78835 3.34649 7.33267 4.94212 2.51761 4.96038  5.7277 3.32724  4.0888 4.03198 7.96894 8.15419 3.54162 5.46482 3.59608  7.9328 4.34467 4.17082 7.75014 2.86261   7.203 7.18429 7.16861 7.16836 7.18949 7.19074  7.2063 7.17953 7.17805 7.14525 7.21222  7.2261 7.17706 7.20171 7.20581 7.19996 7.19368 7.19299 7.19026 7.19751 7.19072 7.18855  7.1836 7.14468 7.19114 7.18731 7.18718 7.21119 7.15955 7.19048 7.14035 7.20195 7.24181 7.28767 7.19814
10.7079 5.46096  9.2536 6.88486 4.96038 2.51761 7.64855 5.34862 6.08854 4.64712  9.8882 10.0732  5.5457 7.38649 4.93839 8.76083 4.43631 4.71561 8.57819 4.75551 8.03748 8.01811 8.00232 8.01679 8.02351 8.02578  8.0407 8.01341 8.01228  7.9932 8.04662 8.06088 8.01036 8.03613 8.04036 8.03441 8.02787 8.02721 8.02444 8.03186 8.02481 8.03741 8.01755 7.99141 8.02528 8.02125  8.0212 8.04276  7.9934 8.02461 7.98776 8.03626 8.07663 8.12485 8.03221
6.01898 5.87791 4.45655 4.12237  5.7277 7.64855 2.51524 5.23494 6.06163 6.76288 5.22761 5.44194 5.28366 2.90089 6.35141 9.75684 7.05058 6.89691 9.56875 5.62758 9.02103 9.00122 8.98383 8.96866 9.00603 9.00357 9.02425 8.99547 8.99299 8.94432 9.03016 9.04431 8.99351 9.01968 9.02389 9.01801 9.01136 9.01074 9.00801 9.01543 9.00812 8.98494 9.00102 8.94559  9.0087 9.00493 9.00443 9.02609 8.97372 9.00826 8.94049  9.0198 9.06004 9.09826 9.01521
8.29649 3.51446 6.83986 4.43622 3.32724 5.34862 5.23494 2.51758 3.76001 4.42968 7.47728  7.6627 3.09834 4.97149 3.98396 8.14097 4.73642 4.56628 7.95724  3.2274 7.40963  7.3909  7.3751 7.37284 7.39606 7.39696 7.41293 7.38606 7.38448  7.3494 7.41885 7.43268 7.38368 7.40834 7.41242  7.4066 7.40032 7.39963  7.3969 7.40414 7.39734 7.39213 7.39024 7.34917 7.39777 7.39397  7.3938 7.41773 7.36594 7.39714 7.34472 7.40858 7.44838 7.49359 7.40474
9.12307 4.33936 7.66656 5.26646  4.0888 6.08854 6.06163 3.76001 2.51761 5.17031 8.30383 8.48923 3.58499 5.79826 4.72268 8.86528 5.47662 5.30668 8.68167 3.96971 8.13346 8.11506 8.09958 8.09875 8.12027 8.12173  8.1368  8.1104 8.10896 8.07532 8.14272 8.15636 8.10801 8.13221 8.13622 8.13045 8.12429 8.12358 8.12087 8.12803 8.12139 8.11814 8.11431 8.07499 8.12178 8.11801 8.11789 8.14239 8.09059 8.12112 8.07058 8.13249 8.17203 8.21857 8.12885
9.82267 4.53726  8.3679 5.99177 4.03198 4.64712 6.76288 4.42968 5.17031 2.51761 9.00308 9.18816 4.62842 6.50054 4.00858 8.23299 4.04324 3.97538 8.05311 3.82494 7.50799 7.48906 7.47353 7.48031 7.49438 7.49629 7.51126 7.48442 7.48315 7.45687 7.51718 7.53126  7.4817 7.50667 7.51083 7.50492 7.49855 7.49786 7.49511 7.50244 7.49556 7.50078 7.48838  7.4554   7.496 7.49205 7.49201 7.51579 7.46464 7.49529 7.45158 7.50687   7.547 7.59403   7.503
5.28429 8.11944 6.40406 6.36769 7.96894  9.8882 5.22761 7.47728 8.30383 9.00308 2.51524 5.56808 7.52622 5.20026 8.59211  11.985 9.29047 9.13703 11.7969 7.86877 11.2491 11.2293 11.2119 11.1965 11.2341 11.2316 11.2523 11.2235  11.221 11.1721 11.2583 11.2724 11.2216 11.2478  11.252 11.2461 11.2394 11.2388 11.2361 11.2435 11.2362 11.2127 11.2291 11.1734 11.2368  11.233 11.2325 11.2541 11.2017 11.2364 11.1683 11.2479 11.2881 11.3262 11.2433
6.87137 8.30473   6.804 6.55358 8.15419 10.0732 5.44194  7.6627 8.48923 9.18816 5.56808 2.51524 7.71168 5.39192 8.77727  12.168  9.4755  9.3221 11.9799 8.05401 11.4322 11.4123 11.3949 11.3795 11.4171 11.4146 11.4354 11.4066 11.4041 11.3551 11.4413 11.4554 11.4046 11.4308  11.435 11.4291 11.4225 11.4219 11.4191 11.4266 11.4192 11.3957 11.4121 11.3564 11.4198 11.4161 11.4155 11.4372 11.3848 11.4194 11.3513 11.4309 11.4712 11.5092 11.4263
 8.3454 3.76372 6.88856 4.48503 3.54162  5.5457 5.28366 3.09834 3.58499 4.62842 7.52622 7.71168 2.51752 5.02011 4.18299 8.30345 4.93423 4.76485  8.1196 3.42975 7.57183 7.55314 7.53735 7.53491 7.55829  7.5592 7.57513 7.54831 7.54672 7.51143 7.58106 7.59485 7.54594 7.57055 7.57462  7.5688 7.56254 7.56184 7.55912 7.56635 7.55957 7.55409 7.55247 7.51124    7.56  7.5562 7.55603 7.58002  7.5282 7.55937 7.50677 7.57079 7.61055  7.6558 7.56697
6.01341 5.61485 4.52941 3.85738 5.46482 7.38649 2.90089 4.97149 5.79826 6.50054 5.20026 5.39192 5.02011 2.51518 6.08881 9.50054  6.7884  6.6346 9.31248 5.36472 8.76476 8.74496 8.72758 8.71252 8.74977 8.74734 8.76798 8.73922 8.73674 8.68818 8.77389 8.78804 8.73725 8.76341 8.76762 8.76174 8.75509 8.75448 8.75174 8.75916 8.75186 8.72881 8.74476 8.68944 8.75244 8.74867 8.74816 8.76985 8.71748   8.752 8.68434 8.76353 8.80377 8.84205 8.75895
9.41161 4.09524 7.95641 5.57349 3.59608 4.93839 6.35141 3.98396 4.72268 4.00858 8.59211 8.77727 4.18299 6.08881 2.51761 8.18752 4.31542 4.12819  8.0064 3.36795 7.45969 7.44117 7.42589 7.43034 7.44648 7.44863   7.463 7.43664 7.43542 7.40702 7.46892 7.48281 7.43403 7.45841 7.46249 7.45663 7.45042 7.44971 7.44697  7.4542 7.44751 7.45064 7.44037 7.40598  7.4479 7.44403   7.444  7.4685 7.41709 7.44718 7.40191 7.45866 7.49853 7.54616 7.45501
12.8066 8.34476 11.3625 9.15112  7.9328 8.76083 9.75684 8.14097 8.86528 8.23299  11.985  12.168 8.30345 9.50054 8.18752 2.51761 8.31407 8.33543 3.01253 7.79479 2.49009  2.4643 2.46995 2.67167 2.47846 2.53964 2.49247 2.47167 2.48778 2.64459 2.49834 2.51605 2.44837 2.48804 2.49367 2.48688 2.47737 2.47693 2.47345 2.48315 2.47409 2.69494 2.46263 2.63559 2.47436 2.46489 2.46975  2.5389 2.48483 2.47258 2.63597 2.48709 2.53217 2.66763 2.48384
10.1101   4.847 8.65562 6.28368 4.34467 4.43631 7.05058 4.73642 5.47662 4.04324 9.29047  9.4755 4.93423  6.7884 4.31542 8.31407 2.51761 4.03586 8.13827 4.13824 7.59597 7.57693 7.56172 7.57407  7.5824 7.58545 7.59921  7.5725 7.57157 7.55054 7.60514  7.6193 7.56941 7.59463 7.59883 7.59289 7.58647 7.58578 7.58301 7.59038 7.58348 7.59463 7.57622 7.54891  7.5839 7.57985 7.57991 7.60406 7.55322 7.58317 7.54517  7.5948 7.63505  7.6841 7.59097
9.95663 4.67508 8.50194 6.12656 4.17082 4.71561 6.89691 4.56628 5.30668 3.97538 9.13703  9.3221 4.76485  6.6346 4.12819 8.33543 4.03586 2.51761 8.15697 3.96227 7.61144 7.59285 7.57789 7.58745 7.59828 7.60127 7.61472 7.58853 7.58754 7.56399 7.62065 7.63469  7.5857 7.61013 7.61427 7.60834 7.60209 7.60138 7.59861  7.6059 7.59919 7.60793   7.592 7.56253 7.59957  7.5956 7.59569 7.62044 7.56933 7.59878 7.55869 7.61036 7.65043 7.69949 7.60674
12.6185 8.16156 11.1744 8.96373 7.75014 8.57819 9.56875 7.95724 8.68167 8.05311 11.7969 11.9799  8.1196 9.31248  8.0064 3.01253 8.13827 8.15697 2.51761  7.6125 2.28362 2.25451  2.2432 2.44357 2.26573 2.31031 2.28593  2.2542 2.26515 2.41648 2.29178 2.30961  2.2338 2.28154 2.28722 2.28049 2.27043 2.27025 2.26699 2.27665 2.26614 2.46688 2.25593 2.40744  2.2671 2.25977 2.26128 2.30393 2.25305 2.26659 2.40784 2.28043 2.32574 2.43937 2.27408
8.68819  3.3468 7.23255 4.84309 2.86261 4.75551 5.62758  3.2274 3.96971 3.82494 7.86877 8.05401 3.42975 5.36472 3.36795 7.79479 4.13824 3.96227  7.6125 2.51761  7.0654 7.04677 7.03123 7.03238 7.05201 7.05354  7.0687 7.04209 7.04069 7.00915 7.07463 7.08849 7.03959 7.06412  7.0682 7.06236 7.05611 7.05541 7.05268 7.05991 7.05317 7.05248 7.04605 7.00844 7.05358 7.04974 7.04964 7.07384 7.02225  7.0529  7.0042 7.06436 7.10419 7.15064 7.06062
12.0708 7.61422 10.6267 8.41603   7.203 8.03748 9.02103 7.40963 8.13346 7.50799 11.2491 11.4322 7.57183 8.76476 7.45969 2.49009 7.59597 7.61144 2.28362  7.0654  1.5895 1.65175 1.69463  1.8968 1.66464  1.7648 1.61126 1.67847 1.70143  1.8697 1.61851 1.62899 1.67549 1.60395 1.60339 1.60779 1.62223 1.61723 1.61775 1.60812 1.63332  1.9201 1.63116 1.86066 1.62629 1.62981  1.6382 1.77204 1.71394 1.62158 1.86106 1.61671 1.64515 1.89131 1.65337
12.0509 7.59548 10.6069 8.39647 7.18429 8.01811 9.00122  7.3909 8.11506 7.48906 11.2293 11.4123 7.55314 8.74496 7.44117  2.4643 7.57693 7.59285 2.25451 7.04677 1.65175  1.5899 1.66103  1.8646 1.63516  1.7323 1.65391 1.64126 1.66826 1.83751 1.65972  1.6778 1.64065 1.64959 1.65538 1.64875 1.63771 1.63792 1.63497 1.64469 1.63239 1.88791 1.62083 1.82845  1.6339 1.63064 1.62428 1.73976 1.68139 1.63549 1.82886 1.64822 1.69393 1.85898 1.64189
12.0335 7.57972 10.5895 8.37944 7.16861 8.00232 8.98383  7.3751 8.09958 7.47353 11.2119 11.3949 7.53735 8.72758 7.42589 2.46995 7.56172 7.57789  2.2432 7.03123 1.69463 1.66103 1.59322 1.83005 1.66521  1.6958 1.69682 1.64295 1.64392 1.80295 1.70263 1.72065 1.64282 1.69249 1.69825 1.69161 1.68069 1.68093 1.67803  1.6876 1.67473 1.85337 1.66686 1.79388 1.67685  1.6728  1.6691 1.70512 1.64162 1.67829  1.7943 1.69115 1.73678 1.82504 1.67935
12.0182 7.57828 10.5743 8.36714 7.16836 8.01679 8.96866 7.37284 8.09875 7.48031 11.1965 11.3795 7.53491 8.71252 7.43034 2.67167 7.57407 7.58745 2.44357 7.03238  1.8968  1.8646 1.83005 1.59886 1.86574 1.82789 1.89899 1.84909 1.83717 1.64286  1.9048 1.92276 1.85139 1.89467 1.90041  1.8938 1.88283 1.88314  1.8803  1.8898 1.87657 1.69685 1.86949 1.65775 1.87892 1.87541 1.87113 1.86718 1.80955 1.88066 1.63946 1.89331 1.93888 1.90289 1.88017
12.0557 7.60066 10.6117 8.40135 7.18949 8.02351 9.00603 7.39606 8.12027 7.49438 11.2341 11.4171 7.55829 8.74977 7.44648 2.47846  7.5824 7.59828 2.26573 7.05201 1.66464 1.63516 1.66521 1.86574 1.59012 1.73389 1.66662 1.64146 1.66517 1.83863 1.67237 1.69074 1.65568  1.6624 1.66831 1.66182 1.64936  1.6504 1.64819 1.65752 1.64012 1.88904 1.63843 1.82958 1.64456 1.64646 1.63241 1.74427 1.68483 1.64958 1.82999 1.66063 1.70686 1.85962 1.63812
12.0532 7.60169 10.6092 8.39967 7.19074 8.02578 9.00357 7.39696 8.12173 7.49629 11.2316 11.4146  7.5592 8.74734 7.44863 2.53964 7.58545 7.60127 2.31031 7.05354  1.7648  1.7323  1.6958 1.82789 1.73389 1.66938 1.76698 1.71662 1.70499 1.80078 1.77279 1.79082 1.71827 1.76266 1.76843  1.7618 1.75079 1.75109 1.74824 1.75778 1.74455 1.85122 1.73732 1.79169 1.74688 1.74324 1.73906 1.73533 1.67261 1.74857 1.79212 1.76129 1.80694 1.82515 1.74828
 12.074 7.61752 10.6299 8.41926  7.2063  8.0407 9.02425 7.41293  8.1368 7.51126 11.2523 11.4354 7.57513 8.76798   7.463 2.49247 7.59921 7.61472 2.28593  7.0687 1.61126 1.65391 1.69682 1.89899 1.66662 1.76698  1.5895  1.6806 1.70356 1.87189 1.60857 1.63867 1.67774 1.60674 1.61602 1.61634 1.62291 1.61843 1.62035 1.61092 1.63485 1.92229 1.63343 1.86286 1.62756 1.63259 1.64011 1.77425 1.71614 1.62489 1.86326 1.61287 1.65472 1.89349 1.65507
12.0452 7.59067 10.6011 8.39092 7.17953 8.01341 8.99547 7.38606  8.1104 7.48442 11.2235 11.4066 7.54831 8.73922 7.43664 2.47167  7.5725 7.58853  2.2542 7.04209 1.67847 1.64126 1.64295 1.84909 1.64146 1.71662  1.6806 1.59091 1.64522 1.82199 1.68639 1.70452 1.64144  1.6763 1.68211  1.6755 1.66415 1.66461 1.66188 1.67141 1.65741  1.8724  1.6506 1.81293 1.66006 1.65772 1.65103 1.72733 1.66698 1.66249 1.81334 1.67484 1.72064 1.84317 1.66084
12.0427 7.58914 10.5987 8.38865 7.17805 8.01228 8.99299 7.38448 8.10896 7.48315  11.221 11.4041 7.54672 8.73674 7.43542 2.48778 7.57157 7.58754 2.26515 7.04069 1.70143 1.66826 1.64392 1.83717 1.66517 1.70499 1.70356 1.64522 1.59362 1.81006 1.70935 1.72747 1.66214 1.69926 1.70506 1.69847  1.6871 1.68758 1.68488 1.69438 1.68016 1.86048  1.6741 1.80099 1.68298 1.68065 1.67446 1.72344 1.66065 1.68547 1.80141 1.69779 1.74359 1.83049 1.68232
11.9938 7.55505   10.55   8.343 7.14525  7.9932 8.94432  7.3494 8.07532 7.45687 11.1721 11.3551 7.51143 8.68818 7.40702 2.64459 7.55054 7.56399 2.41648 7.00915  1.8697 1.83751 1.80295 1.64286 1.83863 1.80078 1.87189 1.82199 1.81006 1.59886  1.8777 1.89567 1.82429 1.86757 1.87331  1.8667 1.85573 1.85604 1.85321  1.8627 1.84947 1.65877 1.84239 1.63276 1.85183 1.84831 1.84403 1.84007 1.78244 1.85356  1.6174 1.86622 1.91178 1.87576 1.85307
12.0799 7.62344 10.6358 8.42518 7.21222 8.04662 9.03016 7.41885 8.14272 7.51718 11.2583 11.4413 7.58106 8.77389 7.46892 2.49834 7.60514 7.62065 2.29178 7.07463 1.61851 1.65972 1.70263  1.9048 1.67237 1.77279 1.60857 1.68639 1.70935  1.8777  1.5895  1.6447 1.68358  1.6157 1.62254 1.62312  1.6283 1.62419 1.62638 1.61804 1.64048  1.9281 1.63927 1.86866 1.63311 1.63856 1.64585 1.78006 1.72195 1.63101 1.86906 1.61685 1.66071 1.89929 1.66074
12.0941 7.63731   10.65 8.43926  7.2261 8.06088 9.04431 7.43268 8.15636 7.53126 11.2724 11.4554 7.59485 8.78804 7.48281 2.51605  7.6193 7.63469 2.30961 7.08849 1.62899  1.6778 1.72065 1.92276 1.69074 1.79082 1.63867 1.70452 1.72747 1.89567  1.6447 1.59502  1.7015 1.63388 1.62456 1.63208 1.64865 1.64371 1.64388 1.63573 1.65955 1.94606  1.6572 1.88663 1.65258  1.6557 1.66434 1.79805 1.73996 1.64735 1.88703 1.64368 1.62533 1.91732 1.67954
12.0432 7.58825 10.5992 8.38887 7.17706 8.01036 8.99351 7.38368 8.10801  7.4817 11.2216 11.4046 7.54594 8.73725 7.43403 2.44837 7.56941  7.5857  2.2338 7.03959 1.67549 1.64065 1.64282 1.85139 1.65568 1.71827 1.67774 1.64144 1.66214 1.82429 1.68358  1.7015 1.59029 1.67338  1.6791  1.6724 1.66199 1.66196  1.6588 1.66848 1.65726  1.8747 1.64698 1.81523 1.65849 1.65236 1.65171 1.72155 1.66466 1.65869 1.81564 1.67217 1.71763 1.84626 1.66502
12.0694 7.61293 10.6253  8.4147 7.20171 8.03613 9.01968 7.40834 8.13221 7.50667 11.2478 11.4308 7.57055 8.76341 7.45841 2.48804 7.59463 7.61013 2.28154 7.06412 1.60395 1.64959 1.69249 1.89467  1.6624 1.76266 1.60674  1.6763 1.69926 1.86757  1.6157 1.63388 1.67338  1.5895 1.61039 1.60963 1.61945 1.61446 1.61563 1.60393  1.6309 1.91797 1.62904 1.85853 1.62375 1.62794 1.63593 1.76991 1.71181 1.61994 1.85894 1.61272 1.64998 1.88917 1.65102
12.0736 7.61702 10.6296 8.41888 7.20581 8.04036 9.02389 7.41242 8.13622 7.51083  11.252  11.435 7.57462 8.76762 7.46249 2.49367 7.59883 7.61427 2.28722  7.0682 1.60339 1.65538 1.69825 1.90041 1.66831 1.76843 1.61602 1.68211 1.70506 1.87331 1.62254 1.62456  1.6791 1.61039  1.5895 1.60971 1.62613 1.62116 1.62141 1.61276 1.63708 1.92371 1.63478 1.86427 1.63009 1.63333 1.64189 1.77566 1.71757   1.625 1.86468 1.62105 1.64085 1.89494 1.65709
12.0677 7.61119 10.6237 8.41301 7.19996 8.03441 9.01801  7.4066 8.13045 7.50492 11.2461 11.4291  7.5688 8.76174 7.45663 2.48688 7.59289 7.60834 2.28049 7.06236 1.60779 1.64875 1.69161  1.8938 1.66182  1.7618 1.61634  1.6755 1.69847  1.8667 1.62312 1.63208  1.6724 1.60963 1.60971  1.5895 1.62057 1.61537 1.61451 1.60791 1.63091  1.9171 1.62807 1.85766 1.62411  1.6262 1.63546 1.76901 1.71092 1.61741 1.85806 1.61793 1.64828 1.88832 1.65079
12.0611  7.6049  10.617 8.40644 7.19368 8.02787 9.01136 7.40032 8.12429 7.49855 11.2394 11.4225 7.56254 8.75509 7.45042 2.47737 7.58647 7.60209 2.27043 7.05611 1.62223 1.63771 1.68069 1.88283 1.64936 1.75079 1.62291 1.66415  1.6871 1.85573  1.6283 1.64865 1.66199 1.61945 1.62613 1.62057 1.58959 1.60488 1.60932 1.61474   1.615 1.90613 1.61786 1.84669 1.60526 1.61972 1.62244 1.75821 1.70003 1.61507 1.84709 1.61485 1.66477 1.87726 1.63628
12.0605 7.60421 10.6164 8.40581 7.19299 8.02721 9.01074 7.39963 8.12358 7.49786 11.2388 11.4219 7.56184 8.75448 7.44971 2.47693 7.58578 7.60138 2.27025 7.05541 1.61723 1.63792 1.68093 1.88314  1.6504 1.75109 1.61843 1.66461 1.68758 1.85604 1.62419 1.64371 1.66196 1.61446 1.62116 1.61537 1.60488 1.58954 1.60404 1.60913 1.61811 1.90644 1.61746   1.847 1.61032 1.61776 1.62367  1.7584 1.70027 1.61142  1.8474 1.61168 1.65983  1.8776 1.63856
12.0577 7.60148 10.6137 8.40308 7.19026 8.02444 9.00801  7.3969 8.12087 7.49511 11.2361 11.4191 7.55912 8.75174 7.44697 2.47345 7.58301 7.59861 2.26699 7.05268 1.61775 1.63497 1.67803  1.8803 1.64819 1.74824 1.62035 1.66188 1.68488 1.85321 1.62638 1.64388  1.6588 1.61563 1.62141 1.61451 1.60932 1.60404 1.58954 1.61025 1.61764 1.90361 1.61391 1.84417  1.6112 1.61278 1.62168 1.75545 1.69736 1.60472 1.84457 1.61557 1.66001 1.87478 1.63738
12.0652 7.60873 10.6211 8.41046 7.19751 8.03186 9.01543 7.40414 8.12803 7.50244 11.2435 11.4266 7.56635 8.75916  7.4542 2.48315 7.59038  7.6059 2.27665 7.05991 1.60812 1.64469  1.6876  1.8898 1.65752 1.75778 1.61092 1.67141 1.69438  1.8627 1.61804 1.63573 1.66848 1.60393 1.61276 1.60791 1.61474 1.60913 1.61025  1.5895 1.62607  1.9131  1.6241 1.85366 1.61895 1.62301 1.63104 1.76503 1.70693 1.61496 1.85406 1.61038 1.65186 1.88429 1.64617
12.0579 7.60193 10.6138 8.40326 7.19072 8.02481 9.00812 7.39734 8.12139 7.49556 11.2362 11.4192 7.55957 8.75186 7.44751 2.47409 7.58348 7.59919 2.26614 7.05317 1.63332 1.63239 1.67473 1.87657 1.64012 1.74455 1.63485 1.65741 1.68016 1.84947 1.64048 1.65955 1.65726  1.6309 1.63708 1.63091   1.615 1.61811 1.61764 1.62607 1.58962 1.89988 1.61602 1.84043 1.60732 1.62189  1.6128 1.75247 1.69408 1.62103 1.84083 1.62819 1.67567 1.87089 1.62117
12.0344 7.59807 10.5906 8.38391 7.18855 8.03741 8.98494 7.39213 8.11814 7.50078 11.2127 11.3957 7.55409 8.72881 7.45064 2.69494 7.59463 7.60793 2.46688 7.05248  1.9201 1.88791 1.85337 1.69685 1.88904 1.85122 1.92229  1.8724 1.86048 1.65877  1.9281 1.94606  1.8747 1.91797 1.92371  1.9171 1.90613 1.90644 1.90361  1.9131 1.89988 1.59886 1.89279 1.68432 1.90223 1.89872 1.89443 1.89049 1.83287 1.90396 1.67026 1.91662 1.96218 1.92622 1.90347
12.0508 7.59482 10.6067 8.39616  7.1836 8.01755 9.00102 7.39024 8.11431 7.48838 11.2291 11.4121 7.55247 8.74476 7.44037 2.46263 7.57622   7.592 2.25593 7.04605 1.63116 1.62083 1.66686 1.86949 1.63843 1.73732 1.63343  1.6506  1.6741 1.84239 1.63927  1.6572 1.64698 1.62904 1.63478 1.62807 1.61786 1.61746 1.61391  1.6241 1.61602 1.89279 1.58961 1.83334 1.61481 1.60933 1.61253 1.74439 1.68633 1.61418 1.83375  1.6279 1.67333 1.86393 1.63208
11.9951 7.55468 10.5513 8.34406 7.14468 7.99141 8.94559 7.34917 8.07499  7.4554 11.1734 11.3564 7.51124 8.68944 7.40598 2.63559 7.54891 7.56253 2.40744 7.00844 1.86066 1.82845 1.79388 1.65775 1.82958 1.79169 1.86286 1.81293 1.80099 1.63276 1.86866 1.88663 1.81523 1.85853 1.86427 1.85766 1.84669   1.847 1.84417 1.85366 1.84043 1.68432 1.83334 1.59886 1.84278 1.83927 1.83498   1.831 1.77336 1.84452  1.6206 1.85718 1.90275 1.86666 1.84402
12.0584 7.60236 10.6144 8.40381 7.19114 8.02528  9.0087 7.39777 8.12178   7.496 11.2368 11.4198    7.56 8.75244  7.4479 2.47436  7.5839 7.59957  2.2671 7.05358 1.62629  1.6339 1.67685 1.87892 1.64456 1.74688 1.62756 1.66006 1.68298 1.85183 1.63311 1.65258 1.65849 1.62375 1.63009 1.62411 1.60526 1.61032  1.6112 1.61895 1.60732 1.90223 1.61481 1.84278 1.58961 1.61859 1.61728 1.75445 1.69621  1.6158 1.84319 1.62048  1.6687 1.87332 1.63012
12.0547 7.59854 10.6106 8.40003 7.18731 8.02125 9.00493 7.39397 8.11801 7.49205  11.233 11.4161  7.5562 8.74867 7.44403 2.46489 7.57985  7.5956 2.25977 7.04974 1.62981 1.63064  1.6728 1.87541 1.64646 1.74324 1.63259 1.65772 1.68065 1.84831 1.63856  1.6557 1.65236 1.62794 1.63333  1.6262 1.61972 1.61776 1.61278 1.62301 1.62189 1.89872 1.60933 1.83927 1.61859 1.58961 1.62194  1.7499 1.69205  1.6087 1.83967 1.62779 1.67184 1.86993 1.63912
12.0542 7.59839 10.6101  8.3996 7.18718  8.0212 9.00443  7.3938 8.11789 7.49201 11.2325 11.4155 7.55603 8.74816   7.444 2.46975 7.57991 7.59569 2.26128 7.04964  1.6382 1.62428  1.6691 1.87113 1.63241 1.73906 1.64011 1.65103 1.67446 1.84403 1.64585 1.66434 1.65171 1.63593 1.64189 1.63546 1.62244 1.62367 1.62168 1.63104  1.6128 1.89443 1.61253 1.83498 1.61728 1.62194 1.58965 1.74706 1.68861 1.62366 1.83539 1.63403 1.68046 1.86542 1.62473
12.0758 7.62233 10.6318  8.4218 7.21119 8.04276 9.02609 7.41773 8.14239 7.51579 11.2541 11.4372 7.58002 8.76985  7.4685  2.5389 7.60406 7.62044 2.30393 7.07384 1.77204 1.73976 1.70512 1.86718 1.74427 1.73533 1.77425 1.72733 1.72344 1.84007 1.78006 1.79805 1.72155 1.76991 1.77566 1.76901 1.75821  1.7584 1.75545 1.76503 1.75247 1.89049 1.74439   1.831 1.75445  1.7499 1.74706 1.59442 1.68038 1.75561 1.83142  1.7686 1.81417 1.86535 1.75732
12.0234  7.5706 10.5794 8.36955 7.15955  7.9934 8.97372 7.36594 8.09059 7.46464 11.2017 11.3848  7.5282 8.71748 7.41709 2.48483 7.55322 7.56933 2.25305 7.02225 1.71394 1.68139 1.64162 1.80955 1.68483 1.67261 1.71614 1.66698 1.66065 1.78244 1.72195 1.73996 1.66466 1.71181 1.71757 1.71092 1.70003 1.70027 1.69736 1.70693 1.69408 1.83287 1.68633 1.77336 1.69621 1.69205 1.68861 1.68038 1.59475  1.6976 1.77378 1.71048 1.75608 1.80659 1.69851
 12.058 7.60171 10.6139 8.40333 7.19048 8.02461 9.00826 7.39714 8.12112 7.49529 11.2364 11.4194 7.55937   8.752 7.44718 2.47258 7.58317 7.59878 2.26659  7.0529 1.62158 1.63549 1.67829 1.88066 1.64958 1.74857 1.62489 1.66249 1.68547 1.85356 1.63101 1.64735 1.65869 1.61994   1.625 1.61741 1.61507 1.61142 1.60472 1.61496 1.62103 1.90396 1.61418 1.84452  1.6158  1.6087 1.62366 1.75561  1.6976 1.58954 1.84492 1.62089 1.66349 1.87515 1.63993
  11.99 7.55027 10.5462 8.33906 7.14035 7.98776 8.94049 7.34472 8.07058 7.45158 11.1683 11.3513 7.50677 8.68434 7.40191 2.63597 7.54517 7.55869 2.40784  7.0042 1.86106 1.82886  1.7943 1.63946 1.82999 1.79212 1.86326 1.81334 1.80141  1.6174 1.86906 1.88703 1.81564 1.85894 1.86468 1.85806 1.84709  1.8474 1.84457 1.85406 1.84083 1.67026 1.83375  1.6206 1.84319 1.83967 1.83539 1.83142 1.77378 1.84492 1.59886 1.85758 1.90315 1.86709 1.84443
12.0695 7.61317 10.6255 8.41484 7.20195 8.03626  9.0198 7.40858 8.13249 7.50687 11.2479 11.4309 7.57079 8.76353 7.45866 2.48709  7.5948 7.61036 2.28043 7.06436 1.61671 1.64822 1.69115 1.89331 1.66063 1.76129 1.61287 1.67484 1.69779 1.86622 1.61685 1.64368 1.67217 1.61272 1.62105 1.61793 1.61485 1.61168 1.61557 1.61038 1.62819 1.91662  1.6279 1.85718 1.62048 1.62779 1.63403  1.7686 1.71048 1.62089 1.85758 1.58952 1.65977 1.88779 1.64867
12.1098 7.65301 10.6657 8.45499 7.24181 8.07663 9.06004 7.44838 8.17203   7.547 11.2881 11.4712 7.61055 8.80377 7.49853 2.53217 7.63505 7.65043 2.32574 7.10419 1.64515 1.69393 1.73678 1.93888 1.70686 1.80694 1.65472 1.72064 1.74359 1.91178 1.66071 1.62533 1.71763 1.64998 1.64085 1.64828 1.66477 1.65983 1.66001 1.65186 1.67567 1.96218 1.67333 1.90275  1.6687 1.67184 1.68046 1.81417 1.75608 1.66349 1.90315 1.65977 1.59467 1.93344 1.69566
12.1479 7.69845 10.7039 8.49483 7.28767 8.12485 9.09826 7.49359 8.21857 7.59403 11.3262 11.5092  7.6558 8.84205 7.54616 2.66763  7.6841 7.69949 2.43937 7.15064 1.89131 1.85898 1.82504 1.90289 1.85962 1.82515 1.89349 1.84317 1.83049 1.87576 1.89929 1.91732 1.84626 1.88917 1.89494 1.88832 1.87726  1.8776 1.87478 1.88429 1.87089 1.92622 1.86393 1.86666 1.87332 1.86993 1.86542 1.86535 1.80659 1.87515 1.86709 1.88779 1.93344 1.67303 1.87426
12.0649 7.60933 10.6209 8.41042 7.19814 8.03221 9.01521 7.40474 8.12885   7.503 11.2433 11.4263 7.56697 8.75895 7.45501 2.48384 7.59097 7.60674 2.27408 7.06062 1.65337 1.64189 1.67935 1.88017 1.63812 1.74828 1.65507 1.66084 1.68232 1.85307 1.66074 1.67954 1.66502 1.65102 1.65709 1.65079 1.63628 1.63856 1.63738 1.64617 1.62117 1.90347 1.63208 1.84402 1.63012 1.63912 1.62473 1.75732 1.69851 1.63993 1.84443 1.64867 1.69566 1.87426 1.58984
