     nan  3.43887  3.88229  3.79784  2.93032  3.16499  2.65456  3.67844  3.17972  4.05826  2.35526  2.14325  4.28383  2.99068  3.45495  2.65718  3.39064  3.39523  2.24912  3.03736  2.22735  2.19567  2.24356  2.25276  2.26043  2.22188  2.21552  2.20143  2.13305  2.12199  2.25366  1.70103  2.34647  2.13418  2.11135  2.23743  2.44189  2.49744  2.17969   1.9185     2.15   2.1784  2.22695  1.73366  2.32152  2.12813  2.19553   2.2258  2.21896   1.7729  2.29762  2.27177  1.66834  3.06554  1.28295
 3.43887  3.71383  5.04525  3.86734  3.77792  4.67821  3.81787  4.47278  3.62137  5.26462  5.20037  3.86841  3.66711  3.74211  4.34019  4.36729  4.34231  4.21547  4.27954  3.12842  4.41878  4.35589  4.26177  4.25823  4.36861  4.49526  4.34272  4.38395  4.13098  3.99109  4.51816  4.21101  4.40474  4.29111  4.34935  4.43168  4.57578  4.62448  4.31583  4.18953  4.22296  4.10834   4.3971  4.27874  4.57358  4.28196  4.36354  4.44269  4.38137  4.14674  4.37597  4.38296  4.04771  5.25135  3.70334
 3.88229  5.04525  2.43129  3.41894  4.67698  6.26279  3.75165  4.88396  6.50455  7.41307  4.60018  4.84011  4.97825  3.30069  5.42545  5.52122  6.08748  5.30514  4.94817   4.4922  5.18776  5.03284  5.10193  4.65276  5.00553  4.92992  5.07524  5.22782  5.09342  4.29952  5.16431  5.01777  4.74345  5.15641    5.111  5.29793  4.92254   5.3811  5.14882  4.78436  5.03769  4.61862  5.15802  4.60629  5.25228  5.10748  4.85715  4.87705  4.84266  4.81216  5.33151  5.10028  4.16535  5.75896   4.5621
 3.79784  3.86734  3.41894  3.52669  3.79186  5.03627  3.35653  3.82229  5.01763  5.29139  2.83816  3.44639  3.76901  3.02406  3.87512  5.39327  4.39711  5.22058    5.242  3.29653  5.39773  5.30332  5.33078  5.28578  5.28934  5.26648  5.58277   5.3867  5.08494  4.74469  5.61963  5.17452  5.16974  5.41934  5.31879   5.4957   5.5426  5.81608  5.44338  5.14038  5.44673  5.15506   5.4061  5.09938   5.7585  5.28937  5.58151  5.32089  5.35065  5.06979  5.76877  5.49994   4.7673   6.2488  4.76864
 2.93032  3.77792  4.67698  3.79186  3.55977  3.84867  3.87701  4.08485  3.63169  5.38136  5.52429  4.12347   3.5936  3.76645  4.43242  4.31599   4.0724  3.58977  4.31115  3.32756  4.50882  4.47239  4.42232   4.3541  4.49915  4.61829  4.41223  4.56263  4.25088  4.13398  4.59321  4.24304  4.51032  4.34611  4.44363  4.52406  4.76355   4.7083  4.48967  4.30136  4.48247  4.25596  4.48621  4.28544  4.70768  4.44953  4.42081  4.52833  4.45058  4.26421  4.66215  4.48507  4.17442  5.33209   3.8127
 3.16499  4.67821  6.26279  5.03627  3.84867  3.27802  4.55598  4.53664  3.95413  5.57007  6.42637  5.27641  3.93781  4.24229  4.77985  4.80761  3.78308  3.17196  4.93801  3.99491  5.33655  5.30962  5.17797  5.28239  5.21651  5.56913  5.28623  5.29835  4.90167   5.1292  5.39093  5.15717  5.31523  5.19675  5.27833  5.34414  5.67415  5.52493  5.45421  5.25625  5.56645  5.24446  5.30942  5.05186  5.53741  5.38487  5.07353  5.13126  5.07538  5.17495   5.7895  5.28109  4.91097  5.68367  4.88058
 2.65456  3.81787  3.75165  3.35653  3.87701  4.55598  3.41143  4.53111  3.98403   5.4524  3.14752  3.20696  4.27078  2.84035  4.10301  4.15551  4.15061  4.25001   3.7677  3.42949  3.95311  3.85241  3.79444  3.70514  3.80702  3.70792   3.8942  3.91058  3.66039  3.53698  3.93544  3.68401  3.83921  3.83806  3.83697  3.89017  4.12003    4.183  3.93861  3.67727  3.83281  3.62954  3.92297  3.38126  4.03769  3.86776  3.92162  3.73376  3.67301  3.58991  3.78051  3.94355  3.58244  4.43695  3.36994
 3.67844  4.47278  4.88396  3.82229  4.08485  4.53664  4.53111  4.34878   4.1383  6.50922  5.45168  4.79777   4.1624  3.91562  4.87912  4.59495  5.03925  4.60243  4.30409  3.81937   4.3694  4.34216  4.33171  4.37943  4.40631  4.62636  4.27443  4.43125  4.24731  4.22186  4.37656  4.18827  4.39282  4.18471  4.32782  4.49656   4.4479   4.5352  4.40305  4.30542  4.38732  4.25739  4.32109  4.13856  4.43574  4.26547  4.25196  4.43868   4.3019  4.20001  4.61227  4.29811  3.92557  5.07425   4.1159
 3.17972  3.62137  6.50455  5.01763  3.63169  3.95413  3.98403   4.1383  2.42344  5.62482  6.35188  4.22212  3.52321  3.89662  4.10541  4.68528  3.20737  2.89115  4.65336  3.93067  4.87152  4.91063  4.79764  4.74662  5.02115   5.0945   4.5919  5.03688  4.71152  4.63989  4.75677  4.48944  5.28281  4.48403  4.77537  4.86304  5.12774  4.94128  4.83706   4.7414  4.64612  4.70466  4.81626  4.74452  4.87307  4.87717  4.78566   5.1296  4.87783  4.82218  4.69293  4.60249   4.8264  5.86051  4.66648
 4.05826  5.26462  7.41307  5.29139  5.38136  5.57007   5.4524  6.50922  5.62482  7.02305   9.3213  6.15339  5.03722  6.00794  6.34355  5.93794  5.06509  5.08484  6.38727  4.51546   6.6009  6.53467  6.40815  6.45775  6.55741   5.6662  6.42108  6.64461   6.0577  6.09794  6.81013  5.91614  6.77236   6.1163  6.50819  6.31406  6.83482  6.51647  6.54715  6.60924  6.01452  6.01029  6.62048  6.73837  7.16826  6.53424  6.60004  6.70883  6.59625  5.81785  6.75216  6.64871  6.68636  7.80692  6.24632
 2.35526  5.20037  4.60018  2.83816  5.52429  6.42637  3.14752  5.45168  6.35188   9.3213  2.55182  3.55829  6.13968  3.48178   4.6806  5.44436  6.13954  6.50629  4.92261  4.73663  5.08427  5.02611  5.22655  5.27759  5.04609  3.78434  5.32527  4.99452  5.24882  5.04653  5.03911  4.71807  5.13318  5.08516  4.95704  4.95435  5.20218  5.40224  5.31353  4.66528    4.597  5.39661  4.91674  5.08322  5.07664  4.89217   5.1346  4.92477  5.05192   4.6259  5.43323  4.97949  4.34373  5.93675  4.85111
 2.14325  3.86841  4.84011  3.44639  4.12347  5.27641  3.20696  4.79777  4.22212  6.15339  3.55829  2.65974  4.52837   3.3774  4.86759  4.85473  4.86945  5.59002  4.36408  3.32961  4.44615  4.36111  4.29358  4.32641  4.39044  4.17239  4.36607  4.42102  4.27362  4.10194  4.42584  4.13207  4.36075  4.41261  4.31186  4.42436  4.58763  4.68045  4.32781  4.17594  4.38914  4.37336  4.35452  4.31276  4.61039  4.35237  4.53941  4.29147  4.24707  3.92191   4.3463  4.48358  4.18515  5.65064  3.33734
 4.28383  3.66711  4.97825  3.76901   3.5936  3.93781  4.27078   4.1624  3.52321  5.03722  6.13968  4.52837  3.50339  3.86595  4.66041  4.67488  4.16466  3.66053  4.75761  3.12692   4.9524  4.89101  4.74817   4.7046  4.84777  5.14438  4.90063  4.99332  4.52514  4.37882  5.08653  4.85404  4.91298  4.85129  4.91003  4.99782  5.01396  5.05289  4.86239  4.73384  4.89904  4.49881  4.95003  5.09456  5.17887   4.9084  4.82788    5.032  4.92766  4.72862   5.2291  4.84464  4.47614  6.03223  4.30974
 2.99068  3.74211  3.30069  3.02406  3.76645  4.24229  2.84035  3.91562  3.89662  6.00794  3.48178   3.3774  3.86595  2.48556   4.0393   4.3698  4.26072  4.06302  4.09328  3.28179  4.32112  4.25303  4.03814   4.0884  4.01446  3.88518  4.25513  4.17577  4.00601  3.87741  4.27525  4.25932  4.14766  4.20369  4.21289  4.16577  4.37996  4.63197  4.42734  4.12741   4.0581  4.04941  4.27329   3.7162  4.37457  4.21055  4.12414  3.99338  3.90524  3.85335  4.41755  4.23123  4.06969  4.41125  4.21995
 3.45495  4.34019  5.42545  3.87512  4.43242  4.77985  4.10301  4.87912  4.10541  6.34355   4.6806  4.86759  4.66041   4.0393  4.14571  4.57362  4.02656  4.25848  4.68406  3.98272  4.90225  4.85776  4.88535  4.87311  4.89737  4.52091  5.04534  4.85706  4.67991   4.8231  5.01716  4.59938  5.06927  4.77213  4.80926  4.78414  4.98039  5.19127   5.0311  4.58137  4.67128  4.87199  4.92171  4.56527  5.00418  4.74731  4.87019  4.95101  4.88827  4.50408  5.03164  4.79056   4.4517  5.64765  4.44151
 2.65718  4.36729  5.52122  5.39327  4.31599  4.80761  4.15551  4.59495  4.68528  5.93794  5.44436  4.85473  4.67488   4.3698  4.57362  2.26846    4.868  4.39557  1.95398  3.77989  1.75278  1.75834  1.69825  1.86337  1.72666  1.93137  1.81008  1.80583  1.50212  1.80958  1.87056  1.72507  1.72848  1.71435  1.72432  1.72619   1.7806  1.89992  1.80444  1.69722  1.76369  1.56894  1.80893    1.722  1.87647  1.72284  1.69991   1.8032  1.77629  1.72537  1.87816  1.79492  1.83677  1.94678  1.77273
 3.39064  4.34231  6.08748  4.39711   4.0724  3.78308  4.15061  5.03925  3.20737  5.06509  6.13954  4.86945  4.16466  4.26072  4.02656    4.868  3.10691  2.89966  5.17132  3.93198  5.46692  5.46636  5.36942  5.29755  5.40983  5.75543  5.52835  5.35984   4.9453  5.33327  5.58792  5.12793  5.72329  5.20276  5.38911  5.32053  5.35263  5.70836  5.55989  5.19521  5.59889   5.3768  5.53632  4.31558  5.39428  5.35863  5.35249  5.54293  5.38755   4.8439  5.59216  5.30026  4.94173  6.03437  4.93383
 3.39523  4.21547  5.30514  5.22058  3.58977  3.17196  4.25001  4.60243  2.89115  5.08484  6.50629  5.59002  3.66053  4.06302  4.25848  4.39557  2.89966  2.17345  4.67718  4.11879  5.22185  5.10705  5.03334   4.7623  5.07734  5.24062  5.08303  5.21251  4.58602  4.78918  5.25285  4.88429  5.12307  4.82211  5.15348  5.11281  5.25325  5.29605   5.2034  4.93031  5.01224  4.60217  5.19545  4.59898  5.10598  5.14233  4.88215  5.05779  4.89785  4.91855  4.83241  5.07701  4.55876  5.80598  4.89064
 2.24912  4.27954  4.94817    5.242  4.31115  4.93801   3.7677  4.30409  4.65336  6.38727  4.92261  4.36408  4.75761  4.09328  4.68406  1.95398  5.17132  4.67718  1.34657  3.73143  1.05974  1.06062  1.07219   1.1828  1.06931  1.17721  1.02892  1.13058  1.00161  1.09398  1.06267  1.05948  1.06659  1.03166  1.03967  1.10742  1.05606  1.11136   1.0572  1.00995 0.963476 0.920671  1.08647  1.04532  1.07889  1.02363  1.03735   1.0278  1.07565  1.14502  1.08198  1.04345  1.01747  1.34372  1.06073
 3.03736  3.12842   4.4922  3.29653  3.32756  3.99491  3.42949  3.81937  3.93067  4.51546  4.73663  3.32961  3.12692  3.28179  3.98272  3.77989  3.93198  4.11879  3.73143  3.12251  3.83613  3.82745  3.72952  3.92992  3.79597  4.01376  3.64583  3.77741  3.68609  3.56437  3.95595  3.56271  3.79205  3.71234   3.7937  3.78186  4.14721  4.01741  3.82119  3.71686  3.72842  3.72366  3.83215  3.90301  4.08455  3.63894  3.81794  3.82707   3.7062  3.40979  4.17589  3.88937  3.44308  4.78134   2.8158
 2.22735  4.41878  5.18776  5.39773  4.50882  5.33655  3.95311   4.3694  4.87152   6.6009  5.08427  4.44615   4.9524  4.32112  4.90225  1.75278  5.46692  5.22185  1.05974  3.83613 0.656046 0.699514  0.73613 0.885572 0.744341 0.855827 0.639075 0.774374  0.69533 0.753921 0.672227 0.654171 0.706734 0.677233 0.633623 0.685529 0.622281 0.717204 0.645808 0.636225 0.569196 0.627348 0.676291 0.799876 0.689908 0.612436 0.680249 0.760168 0.792975 0.820511 0.716407 0.652388 0.715939 0.815721 0.757485
 2.19567  4.35589  5.03284  5.30332  4.47239  5.30962  3.85241  4.34216  4.91063  6.53467  5.02611  4.36111  4.89101  4.25303  4.85776  1.75834  5.46636  5.10705  1.06062  3.82745 0.699514 0.732731 0.724558 0.892318  0.72155 0.871083 0.702257 0.774241 0.669126 0.779464 0.726315 0.732528  0.71011 0.708257 0.687959 0.750962 0.648286 0.754153 0.694344 0.678542 0.609762 0.596107 0.729062 0.779406 0.721256 0.657102 0.700629 0.748958 0.789138 0.806823 0.778029 0.700549 0.729385 0.937467 0.789749
 2.24356  4.26177  5.10193  5.33078  4.42232  5.17797  3.79444  4.33171  4.79764  6.40815  5.22655  4.29358  4.74817  4.03814  4.88535  1.69825  5.36942  5.03334  1.07219  3.72952  0.73613 0.724558 0.676377 0.843658  0.64916 0.810988  0.73089  0.75221 0.574419 0.772051 0.762938 0.823096 0.686954 0.706179 0.722582 0.733335 0.636259 0.773306  0.71385 0.741253 0.590058 0.512816  0.77117 0.737219 0.742584 0.694578 0.692683 0.699908  0.73596 0.734582 0.743051 0.730208 0.889688 0.897272  1.00055
 2.25276  4.25823  4.65276  5.28578   4.3541  5.28239  3.70514  4.37943  4.74662  6.45775  5.27759  4.32641   4.7046   4.0884  4.87311  1.86337  5.29755   4.7623   1.1828  3.92992 0.885572 0.892318 0.843658 0.813561  0.85527 0.926666  0.85629  1.02351 0.738479 0.756806 0.876192  1.00314 0.896197  0.86728 0.874078 0.900327 0.776492 0.882168 0.835083 0.813102 0.729981 0.499963  0.95129 0.771594 0.852246 0.930709 0.829193 0.816458 0.931271  1.06324 0.722699 0.791008 0.967723 0.998669  1.01826
 2.26043  4.36861  5.00553  5.28934  4.49915  5.21651  3.80702  4.40631  5.02115  6.55741  5.04609  4.39044  4.84777  4.01446  4.89737  1.72666  5.40983  5.07734  1.06931  3.79597 0.744341  0.72155  0.64916  0.85527  0.64031 0.805632 0.776414 0.726644  0.55702 0.776261 0.784443 0.833992 0.658884 0.727861 0.731676 0.740902  0.62446 0.794898 0.743152 0.734051  0.60269 0.514984 0.776256 0.721758 0.728376 0.693912 0.682082 0.670146 0.720738 0.734391 0.762119 0.739601 0.808508 0.876857   1.0345
 2.22188  4.49526  4.92992  5.26648  4.61829  5.56913  3.70792  4.62636   5.0945   5.6662  3.78434  4.17239  5.14438  3.88518  4.52091  1.93137  5.75543  5.24062  1.17721  4.01376 0.855827 0.871083 0.810988 0.926666 0.805632 0.919437 0.853664 0.921365 0.824935 0.870786 0.830867   1.0287 0.743241 0.956672  0.83977 0.887564 0.720498 0.922066 0.842128 0.759977 0.724583   0.7482 0.932516 0.719326 0.885739 0.859339 0.846676 0.667891  0.77557  1.04247 0.723858 0.859688 0.948832 0.989478 0.945644
 2.21552  4.34272  5.07524  5.58277  4.41223  5.28623   3.8942  4.27443   4.5919  6.42108  5.32527  4.36607  4.90063  4.25513  5.04534  1.81008  5.52835  5.08303  1.02892  3.64583 0.639075 0.702257  0.73089  0.85629 0.776414 0.853664 0.465835  0.81532 0.765197 0.714694 0.572743 0.578526 0.744251 0.595504 0.636872 0.687671 0.672172  0.62305 0.573174 0.675704 0.515948 0.569688 0.651491 0.772796 0.674014 0.592362 0.672474 0.759653 0.739973 0.751247 0.633199 0.618639 0.737347 0.871873  0.60884
 2.20143  4.38395  5.22782   5.3867  4.56263  5.29835  3.91058  4.43125  5.03688  6.64461  4.99452  4.42102  4.99332  4.17577  4.85706  1.80583  5.35984  5.21251  1.13058  3.77741 0.774374 0.774241  0.75221  1.02351 0.726644 0.921365  0.81532 0.761387 0.665224 0.854164 0.831971 0.798132 0.721148 0.776716 0.765313 0.804522 0.712552 0.869007 0.805211 0.785172 0.668696 0.681188 0.803987 0.850476 0.791369 0.700944 0.750438 0.772778 0.803734 0.773666 0.869245 0.795577  0.80538 0.998346  1.03414
 2.13305  4.13098  5.09342  5.08494  4.25088  4.90167  3.66039  4.24731  4.71152   6.0577  5.24882  4.27362  4.52514  4.00601  4.67991  1.50212   4.9453  4.58602  1.00161  3.68609  0.69533 0.669126 0.574419 0.738479  0.55702 0.824935 0.765197 0.665224 0.574756 0.678499 0.784023  0.77467  0.62076 0.657197 0.688891 0.649887 0.575582  0.74175  0.69973 0.684227 0.555282 0.369423 0.736264 0.640959  0.66424 0.644159 0.599589  0.65319 0.689553 0.658161  0.69415  0.66932 0.711872 0.775805  1.05084
 2.12199  3.99109  4.29952  4.74469  4.13398   5.1292  3.53698  4.22186  4.63989  6.09794  5.04653  4.10194  4.37882  3.87741   4.8231  1.80958  5.33327  4.78918  1.09398  3.56437 0.753921 0.779464 0.772051 0.756806 0.776261 0.870786 0.714694 0.854164 0.678499 0.677052 0.786746 0.808464  0.76787 0.726376 0.750715  0.79598 0.684384 0.809179 0.731802 0.708158 0.590862 0.482028 0.792124  0.71751 0.762032 0.754753 0.701653 0.761562 0.851403 0.911562 0.670569 0.718143 0.762084 0.935185 0.884513
 2.25366  4.51816  5.16431  5.61963  4.59321  5.39093  3.93544  4.37656  4.75677  6.81013  5.03911  4.42584  5.08653  4.27525  5.01716  1.87056  5.58792  5.25285  1.06267  3.95595 0.672227 0.726315 0.762938 0.876192 0.784443 0.830867 0.572743 0.831971 0.784023 0.786746 0.621556 0.670892 0.771505 0.676054   0.6608 0.723783 0.669776 0.682387 0.642394 0.674203 0.556426  0.64097 0.691142 0.777537 0.664337 0.648911 0.698075 0.749813 0.772852 0.865086 0.648473 0.628457 0.745929 0.824506 0.735863
 1.70103  4.21101  5.01777  5.17452  4.24304  5.15717  3.68401  4.18827  4.48944  5.91614  4.71807  4.13207  4.85404  4.25932  4.59938  1.72507  5.12793  4.88429  1.05948  3.56271 0.654171 0.732528 0.823096  1.00314 0.833992   1.0287 0.578526 0.798132  0.77467 0.808464 0.670892 0.542324 0.814497 0.643257 0.642139 0.712238 0.733813 0.734087 0.663536  0.65085 0.626464 0.714407 0.672203 0.885895 0.728615 0.593644 0.712808  0.89404 0.854517 0.694516  0.84818 0.663841 0.577251  1.02562 0.561837
 2.34647  4.40474  4.74345  5.16974  4.51032  5.31523  3.83921  4.39282  5.28281  6.77236  5.13318  4.36075  4.91298  4.14766  5.06927  1.72848  5.72329  5.12307  1.06659  3.79205 0.706734  0.71011 0.686954 0.896197 0.658884 0.743241 0.744251 0.721148  0.62076  0.76787 0.771505 0.814497  0.61917 0.743287 0.697813 0.732813 0.576275 0.802334 0.705467 0.700641 0.573701 0.599711 0.737042 0.727648 0.741135    0.656 0.702663 0.635702 0.726292 0.810553 0.695309  0.77989 0.822382 0.816674 0.936564
 2.13418  4.29111  5.15641  5.41934  4.34611  5.19675  3.83806  4.18471  4.48403   6.1163  5.08516  4.41261  4.85129  4.20369  4.77213  1.71435  5.20276  4.82211  1.03166  3.71234 0.677233 0.708257 0.706179  0.86728 0.727861 0.956672 0.595504 0.776716 0.657197 0.726376 0.676054 0.643257 0.743287  0.63729 0.673941 0.732774 0.675595 0.704631 0.660702 0.704457 0.545867 0.506544  0.69249 0.750579 0.655287 0.624583 0.660179 0.783381 0.775415 0.748534 0.698825 0.646999 0.681147 0.954129 0.900492
 2.11135  4.34935    5.111  5.31879  4.44363  5.27833  3.83697  4.32782  4.77537  6.50819  4.95704  4.31186  4.91003  4.21289  4.80926  1.72432  5.38911  5.15348  1.03967   3.7937 0.633623 0.687959 0.722582 0.874078 0.731676  0.83977 0.636872 0.765313 0.688891 0.750715   0.6608 0.642139 0.697813 0.673941 0.628412 0.677746 0.615842 0.718223 0.639264  0.61912 0.573567 0.634234  0.66952 0.785798  0.68905 0.604032 0.674327 0.751884 0.779888 0.790957 0.729596 0.646909 0.713909  0.81416 0.741021
 2.23743  4.43168  5.29793   5.4957  4.52406  5.34414  3.89017  4.49656  4.86304  6.31406  4.95435  4.42436  4.99782  4.16577  4.78414  1.72619  5.32053  5.11281  1.10742  3.78186 0.685529 0.750962 0.733335 0.900327 0.740902 0.887564 0.687671 0.804522 0.649887  0.79598 0.723783 0.712238 0.732813 0.732774 0.677746 0.732007 0.650514 0.764708 0.692526 0.687281 0.656033 0.632058 0.758118 0.798795 0.762818 0.658852 0.712304 0.781378 0.780611 0.760131 0.805064 0.693432 0.780688 0.780429  0.75836
 2.44189  4.57578  4.92254   5.5426  4.76355  5.67415  4.12003   4.4479  5.12774  6.83482  5.20218  4.58763  5.01396  4.37996  4.98039   1.7806  5.35263  5.25325  1.05606  4.14721 0.622281 0.648286 0.636259 0.776492  0.62446 0.720498 0.672172 0.712552 0.575582 0.684384 0.669776 0.733813 0.576275 0.675595 0.615842 0.650514 0.544534 0.700576  0.62525 0.591208 0.490579 0.516195 0.644623 0.677389 0.630057 0.594625  0.62748 0.642844 0.712009 0.837798 0.580322  0.62922 0.731978 0.697318 0.921953
 2.49744  4.62448   5.3811  5.81608   4.7083  5.52493    4.183   4.5352  4.94128  6.51647  5.40224  4.68045  5.05289  4.63197  5.19127  1.89992  5.70836  5.29605  1.11136  4.01741 0.717204 0.754153 0.773306 0.882168 0.794898 0.922066  0.62305 0.869007  0.74175 0.809179 0.682387 0.734087 0.802334 0.704631 0.718223 0.764708 0.700576 0.752234  0.66986 0.712116 0.615225 0.598313 0.749967 0.816348 0.719066 0.698061 0.723145  0.80084 0.828539 0.890005  0.72542 0.675781 0.753202 0.924105 0.778901
 2.17969  4.31583  5.14882  5.44338  4.48967  5.45421  3.93861  4.40305  4.83706  6.54715  5.31353  4.32781  4.86239  4.42734   5.0311  1.80444  5.55989   5.2034   1.0572  3.82119 0.645808 0.694344  0.71385 0.835083 0.743152 0.842128 0.573174 0.805211  0.69973 0.731802 0.642394 0.663536 0.705467 0.660702 0.639264 0.692526  0.62525  0.66986 0.618615 0.629015 0.557661 0.564293 0.680245 0.773507 0.701893 0.628375 0.685948 0.745564 0.788675 0.820814 0.667236 0.647293 0.768087  0.84256 0.627079
  1.9185  4.18953  4.78436  5.14038  4.30136  5.25625  3.67727  4.30542   4.7414  6.60924  4.66528  4.17594  4.73384  4.12741  4.58137  1.69722  5.19521  4.93031  1.00995  3.71686 0.636225 0.678542 0.741253 0.813102 0.734051 0.759977 0.675704 0.785172 0.684227 0.708158 0.674203  0.65085 0.700641 0.704457  0.61912 0.687281 0.591208 0.712116 0.629015 0.587607 0.580353 0.599166 0.673215 0.763508  0.68658 0.626525 0.674108   0.7354 0.808506 0.833054 0.720071   0.6242 0.641649 0.922092 0.604563
    2.15  4.22296  5.03769  5.44673  4.48247  5.56645  3.83281  4.38732  4.64612  6.01452    4.597  4.38914  4.89904   4.0581  4.67128  1.76369  5.59889  5.01224 0.963476  3.72842 0.569196 0.609762 0.590058 0.729981  0.60269 0.724583 0.515948 0.668696 0.555282 0.590862 0.556426 0.626464 0.573701 0.545867 0.573567 0.656033 0.490579 0.615225 0.557661 0.580353 0.436787 0.405525 0.606942 0.620464  0.55426 0.529345 0.543588 0.607358 0.647393 0.722873 0.528258 0.543956 0.601232 0.748906 0.932983
  2.1784  4.10834  4.61862  5.15506  4.25596  5.24446  3.62954  4.25739  4.70466  6.01029  5.39661  4.37336  4.49881  4.04941  4.87199  1.56894   5.3768  4.60217 0.920671  3.72366 0.627348 0.596107 0.512816 0.499963 0.514984   0.7482 0.569688 0.681188 0.369423 0.482028  0.64097 0.714407 0.599711 0.506544 0.634234 0.632058 0.516195 0.598313 0.564293 0.599166 0.405525 0.179123 0.649803 0.459641 0.532972 0.598342 0.510181 0.583233 0.658789 0.630249 0.464496 0.530875 0.650682  0.76974 0.976202
 2.22695   4.3971  5.15802   5.4061  4.48621  5.30942  3.92297  4.32109  4.81626  6.62048  4.91674  4.35452  4.95003  4.27329  4.92171  1.80893  5.53632  5.19545  1.08647  3.83215 0.676291 0.729062  0.77117  0.95129 0.776256 0.932516 0.651491 0.803987 0.736264 0.792124 0.691142 0.672203 0.737042  0.69249  0.66952 0.758118 0.644623 0.749967 0.680245 0.673215 0.606942 0.649803 0.717758 0.854302 0.723923 0.635534 0.704377 0.799494 0.826943 0.820183 0.788966 0.682082 0.707855 0.957066 0.810482
 1.73366  4.27874  4.60629  5.09938  4.28544  5.05186  3.38126  4.13856  4.74452  6.73837  5.08322  4.31276  5.09456   3.7162  4.56527    1.722  4.31558  4.59898  1.04532  3.90301 0.799876 0.779406 0.737219 0.771594 0.721758 0.719326 0.772796 0.850476 0.640959  0.71751 0.777537 0.885895 0.727648 0.750579 0.785798 0.798795 0.677389 0.816348 0.773507 0.763508 0.620464 0.459641 0.854302 0.616022 0.745568 0.783605  0.73314 0.654263 0.742563 0.892007 0.629968 0.744139 0.896257 0.892594  1.05139
 2.32152  4.57358  5.25228   5.7585  4.70768  5.53741  4.03769  4.43574  4.87307  7.16826  5.07664  4.61039  5.17887  4.37457  5.00418  1.87647  5.39428  5.10598  1.07889  4.08455 0.689908 0.721256 0.742584 0.852246 0.728376 0.885739 0.674014 0.791369  0.66424 0.762032 0.664337 0.728615 0.741135 0.655287  0.68905 0.762818 0.630057 0.719066 0.701893  0.68658  0.55426 0.532972 0.723923 0.745568 0.656222 0.669888 0.659144 0.745415 0.794402 0.872226 0.652361  0.61958  0.69866 0.891233 0.988029
 2.12813  4.28196  5.10748  5.28937  4.44953  5.38487  3.86776  4.26547  4.87717  6.53424  4.89217  4.35237   4.9084  4.21055  4.74731  1.72284  5.35863  5.14233  1.02363  3.63894 0.612436 0.657102 0.694578 0.930709 0.693912 0.859339 0.592362 0.700944 0.644159 0.754753 0.648911 0.593644    0.656 0.624583 0.604032 0.658852 0.594625 0.698061 0.628375 0.626525 0.529345 0.598342 0.635534 0.783605 0.669888 0.560934 0.637718 0.736087 0.747356 0.695114 0.733744 0.635711 0.664772 0.840739  0.74844
 2.19553  4.36354  4.85715  5.58151  4.42081  5.07353  3.92162  4.25196  4.78566  6.60004   5.1346  4.53941  4.82788  4.12414  4.87019  1.69991  5.35249  4.88215  1.03735  3.81794 0.680249 0.700629 0.692683 0.829193 0.682082 0.846676 0.672474 0.750438 0.599589 0.701653 0.698075 0.712808 0.702663 0.660179 0.674327 0.712304  0.62748 0.723145 0.685948 0.674108 0.543588 0.510181 0.704377  0.73314 0.659144 0.637718 0.648075 0.724068 0.752465 0.783548 0.690155 0.637681 0.687761 0.847833 0.947737
  2.2258  4.44269  4.87705  5.32089  4.52833  5.13126  3.73376  4.43868   5.1296  6.70883  4.92477  4.29147    5.032  3.99338  4.95101   1.8032  5.54293  5.05779   1.0278  3.82707 0.760168 0.748958 0.699908 0.816458 0.670146 0.667891 0.759653 0.772778  0.65319 0.761562 0.749813  0.89404 0.635702 0.783381 0.751884 0.781378 0.642844  0.80084 0.745564   0.7354 0.607358 0.583233 0.799494 0.654263 0.745415 0.736087 0.724068  0.57677 0.671834 0.875143 0.686347 0.765847 0.810869  0.80529 0.966447
 2.21896  4.38137  4.84266  5.35065  4.45058  5.07538  3.67301   4.3019  4.87783  6.59625  5.05192  4.24707  4.92766  3.90524  4.88827  1.77629  5.38755  4.89785  1.07565   3.7062 0.792975 0.789138  0.73596 0.931271 0.720738  0.77557 0.739973 0.803734 0.689553 0.851403 0.772852 0.854517 0.726292 0.775415 0.779888 0.780611 0.712009 0.828539 0.788675 0.808506 0.647393 0.658789 0.826943 0.742563 0.794402 0.747356 0.752465 0.671834 0.758416 0.791418 0.780437 0.790223  0.88949 0.872425 0.989956
  1.7729  4.14674  4.81216  5.06979  4.26421  5.17495  3.58991  4.20001  4.82218  5.81785   4.6259  3.92191  4.72862  3.85335  4.50408  1.72537   4.8439  4.91855  1.14502  3.40979 0.820511 0.806823 0.734582  1.06324 0.734391  1.04247 0.751247 0.773666 0.658161 0.911562 0.865086 0.694516 0.810553 0.748534 0.790957 0.760131 0.837798 0.890005 0.820814 0.833054 0.722873 0.630249 0.820183 0.892007 0.872226 0.695114 0.783548 0.875143 0.791418 0.685322  1.03426 0.833016  0.81341  1.14129 0.710564
 2.29762  4.37597  5.33151  5.76877  4.66215   5.7895  3.78051  4.61227  4.69293  6.75216  5.43323   4.3463   5.2291  4.41755  5.03164  1.87816  5.59216  4.83241  1.08198  4.17589 0.716407 0.778029 0.743051 0.722699 0.762119 0.723858 0.633199 0.869245  0.69415 0.670569 0.648473  0.84818 0.695309 0.698825 0.729596 0.805064 0.580322  0.72542 0.667236 0.720071 0.528258 0.464496 0.788966 0.629968 0.652361 0.733744 0.690155 0.686347 0.780437  1.03426 0.557349 0.656531 0.899835 0.751118  1.06515
 2.27177  4.38296  5.10028  5.49994  4.48507  5.28109  3.94355  4.29811  4.60249  6.64871  4.97949  4.48358  4.84464  4.23123  4.79056  1.79492  5.30026  5.07701  1.04345  3.88937 0.652388 0.700549 0.730208 0.791008 0.739601 0.859688 0.618639 0.795577  0.66932 0.718143 0.628457 0.663841  0.77989 0.646999 0.646909 0.693432  0.62922 0.675781 0.647293   0.6242 0.543956 0.530875 0.682082 0.744139  0.61958 0.635711 0.637681 0.765847 0.790223 0.833016 0.656531 0.598205 0.643231 0.827452 0.780563
 1.66834  4.04771  4.16535   4.7673  4.17442  4.91097  3.58244  3.92557   4.8264  6.68636  4.34373  4.18515  4.47614  4.06969   4.4517  1.83677  4.94173  4.55876  1.01747  3.44308 0.715939 0.729385 0.889688 0.967723 0.808508 0.948832 0.737347  0.80538 0.711872 0.762084 0.745929 0.577251 0.822382 0.681147 0.713909 0.780688 0.731978 0.753202 0.768087 0.641649 0.601232 0.650682 0.707855 0.896257  0.69866 0.664772 0.687761 0.810869  0.88949  0.81341 0.899835 0.643231 0.692418  1.11218 0.815632
 3.06554  5.25135  5.75896   6.2488  5.33209  5.68367  4.43695  5.07425  5.86051  7.80692  5.93675  5.65064  6.03223  4.41125  5.64765  1.94678  6.03437  5.80598  1.34372  4.78134 0.815721 0.937467 0.897272 0.998669 0.876857 0.989478 0.871873 0.998346 0.775805 0.935185 0.824506  1.02562 0.816674 0.954129  0.81416 0.780429 0.697318 0.924105  0.84256 0.922092 0.748906  0.76974 0.957066 0.892594 0.891233 0.840739 0.847833  0.80529 0.872425  1.14129 0.751118 0.827452  1.11218 0.664103    1.249
 1.28295  3.70334   4.5621  4.76864   3.8127  4.88058  3.36994   4.1159  4.66648  6.24632  4.85111  3.33734  4.30974  4.21995  4.44151  1.77273  4.93383  4.89064  1.06073   2.8158 0.757485 0.789749  1.00055  1.01826   1.0345 0.945644  0.60884  1.03414  1.05084 0.884513 0.735863 0.561837 0.936564 0.900492 0.741021  0.75836 0.921953 0.778901 0.627079 0.604563 0.932983 0.976202 0.810482  1.05139 0.988029  0.74844 0.947737 0.966447 0.989956 0.710564  1.06515 0.780563 0.815632    1.249      nan
