0.127781 0.134022 0.138379 0.153413 0.175227 0.183546 0.182853 0.184057 0.184512 0.186524 0.135420 0.136592 0.140455 0.151021 0.160927 0.178600 0.180274 0.185595 0.186031 0.183723 0.186272 0.137917 0.139109 0.141325 0.148352 0.154603 0.163702 0.175800 0.181071 0.184872 0.184944 0.185734 0.186807 0.140457 0.141270 0.145660 0.150306 0.160872 0.168345 0.176089 0.185836 0.183794 0.184690 0.184481 0.186732 0.140941 0.142873 0.145568 0.145776 0.159000 0.166041 0.172148 0.182373 0.183073 0.183769 0.183470 0.184910 0.142185 0.146462 0.146091 0.152175 0.164387 0.170630 0.176900 0.182975 0.182857 0.184493 0.184722 0.147178 0.150732 0.158689 0.168585 0.175550 0.181037 0.183161 0.184006 0.185347 0.187695
0.134022 0.000000 0.134281 0.150915 0.173319 0.181754 0.181135 0.182351 0.182810 0.184824 0.135151 0.133850 0.137683 0.148630 0.158828 0.176789 0.178542 0.183887 0.184330 0.182024 0.184573 0.138100 0.138089 0.139623 0.146619 0.152749 0.161878 0.174023 0.179336 0.183168 0.183245 0.184037 0.185111 0.139906 0.140200 0.144327 0.148847 0.159253 0.166670 0.174395 0.184144 0.182101 0.182997 0.182788 0.185039 0.140418 0.142083 0.144543 0.144616 0.157625 0.164515 0.170534 0.180704 0.181390 0.182081 0.181780 0.183219 0.141480 0.145596 0.145102 0.151050 0.163026 0.169119 0.175291 0.181303 0.181176 0.182807 0.183034 0.146279 0.149738 0.157466 0.167175 0.174006 0.179390 0.181487 0.182325 0.183661 0.186007
0.138379 0.134281 0.127307 0.148906 0.172815 0.181521 0.181073 0.182315 0.182784 0.184802 0.138486 0.134768 0.135915 0.147104 0.157905 0.176517 0.178448 0.183847 0.184303 0.182002 0.184554 0.140689 0.139957 0.140501 0.146995 0.152519 0.161617 0.173841 0.179240 0.183138 0.183224 0.184021 0.185096 0.141866 0.141679 0.145403 0.149566 0.159488 0.166728 0.174395 0.184140 0.182096 0.182989 0.182780 0.185031 0.142321 0.143757 0.145958 0.145821 0.158360 0.164899 0.170711 0.180753 0.181404 0.182086 0.181780 0.183217 0.143204 0.147156 0.146505 0.152215 0.163730 0.169510 0.175468 0.181342 0.181195 0.182816 0.183038 0.147786 0.151108 0.158424 0.167767 0.174320 0.179485 0.181523 0.182343 0.183670 0.186013
0.153413 0.150915 0.148906 0.095314 0.156359 0.169883 0.172283 0.173953 0.174575 0.176661 0.153132 0.150107 0.148861 0.138213 0.138086 0.164475 0.169182 0.175424 0.176091 0.173882 0.176460 0.154102 0.153170 0.152471 0.154458 0.147941 0.151904 0.163828 0.170101 0.174890 0.175117 0.175973 0.177076 0.154189 0.153200 0.155264 0.155210 0.157337 0.160750 0.166929 0.176348 0.174230 0.175082 0.174861 0.177110 0.154157 0.155082 0.156394 0.154823 0.161720 0.163264 0.165818 0.173769 0.173843 0.174373 0.173989 0.175394 0.154431 0.157767 0.156200 0.159534 0.165709 0.167382 0.170307 0.174145 0.173691 0.175165 0.175306 0.157950 0.160187 0.163091 0.168058 0.170968 0.173074 0.174269 0.174828 0.176017 0.178299
0.175227 0.173319 0.172815 0.156359 0.103533 0.145379 0.159777 0.163046 0.164174 0.166474 0.174846 0.172316 0.172164 0.166512 0.155950 0.145193 0.155780 0.164404 0.165700 0.163762 0.166419 0.175248 0.174387 0.173651 0.175298 0.164560 0.157157 0.157752 0.159657 0.164663 0.165100 0.166091 0.167261 0.174817 0.173607 0.175113 0.172685 0.167319 0.162323 0.161814 0.167782 0.165003 0.165638 0.165353 0.167587 0.174423 0.175102 0.175940 0.173324 0.174640 0.169315 0.165164 0.167247 0.165472 0.165486 0.164848 0.166149 0.174288 0.177194 0.174835 0.175596 0.175159 0.170418 0.167360 0.166540 0.165320 0.166396 0.166315 0.176922 0.178000 0.175482 0.174297 0.171046 0.167059 0.166443 0.166390 0.167231 0.169353
0.183546 0.181754 0.181521 0.169883 0.145379 0.110519 0.148877 0.154770 0.156548 0.159100 0.183149 0.180733 0.180859 0.176945 0.168984 0.147718 0.146357 0.156257 0.158134 0.156474 0.159213 0.183431 0.182603 0.181914 0.183753 0.173757 0.165978 0.162424 0.157267 0.157833 0.158046 0.159089 0.160304 0.182889 0.181659 0.183121 0.180464 0.173977 0.166388 0.161523 0.162791 0.158832 0.159121 0.158723 0.160931 0.182399 0.183027 0.183766 0.180915 0.180813 0.173225 0.165781 0.163527 0.160049 0.159503 0.158583 0.159767 0.182157 0.184950 0.182363 0.182308 0.179545 0.171982 0.165531 0.161557 0.159739 0.160460 0.160170 0.184535 0.185228 0.180739 0.176998 0.170643 0.163012 0.161218 0.160713 0.161266 0.163246
0.182853 0.181135 0.181073 0.172283 0.159777 0.148877 0.123219 0.137888 0.141153 0.144191 0.182447 0.180105 0.180415 0.177661 0.171548 0.155516 0.139764 0.141057 0.143071 0.141750 0.144606 0.182649 0.181845 0.181196 0.183196 0.173926 0.166640 0.162506 0.152535 0.145087 0.144047 0.144906 0.146115 0.182035 0.180796 0.182246 0.179510 0.172559 0.163685 0.155715 0.151665 0.146014 0.145681 0.145040 0.147187 0.181478 0.182074 0.182750 0.179749 0.178734 0.169624 0.159645 0.153294 0.147987 0.146730 0.145401 0.146407 0.181163 0.183878 0.181132 0.180495 0.176024 0.166230 0.156810 0.149834 0.147383 0.147677 0.147118 0.183360 0.183771 0.177804 0.172051 0.163063 0.152109 0.149194 0.148213 0.148430 0.150237
0.184057 0.182351 0.182315 0.173953 0.163046 0.154770 0.137888 0.132695 0.138219 0.141822 0.183649 0.181319 0.181658 0.179085 0.173263 0.158327 0.142587 0.141411 0.141008 0.139637 0.142545 0.183840 0.183039 0.182397 0.184424 0.175280 0.168113 0.164030 0.153727 0.144951 0.143108 0.143358 0.144414 0.183214 0.181974 0.183423 0.180680 0.173676 0.164645 0.156255 0.151253 0.145230 0.144568 0.143684 0.145758 0.182647 0.183237 0.183904 0.180880 0.179725 0.170380 0.159995 0.152921 0.147259 0.145798 0.144281 0.145179 0.182319 0.185022 0.182251 0.181520 0.176770 0.166603 0.156658 0.149121 0.146525 0.146685 0.146020 0.184487 0.184853 0.178642 0.172549 0.163097 0.151527 0.148393 0.147295 0.147406 0.149151
0.184512 0.182810 0.182784 0.174575 0.164174 0.156548 0.141153 0.138219 0.132430 0.138196 0.184104 0.181778 0.182127 0.179622 0.173909 0.159438 0.144194 0.143170 0.140673 0.137138 0.139954 0.184290 0.183491 0.182851 0.184889 0.175797 0.168689 0.164675 0.154418 0.145514 0.143105 0.142354 0.142766 0.183659 0.182420 0.183868 0.181124 0.174110 0.165040 0.156534 0.151197 0.145031 0.144014 0.142701 0.144598 0.183088 0.183677 0.184340 0.181307 0.180102 0.170673 0.160139 0.152777 0.146961 0.145341 0.143599 0.144328 0.182757 0.185455 0.182674 0.181906 0.177049 0.166731 0.156566 0.148774 0.146086 0.146122 0.145334 0.184913 0.185261 0.178953 0.172722 0.163072 0.151218 0.147973 0.146787 0.146797 0.148473
0.186524 0.184824 0.184802 0.176661 0.166474 0.159100 0.144191 0.141822 0.138196 0.132315 0.186116 0.183791 0.184146 0.181671 0.176006 0.161747 0.146757 0.145873 0.143334 0.137599 0.138304 0.186299 0.185501 0.184863 0.186905 0.177838 0.170758 0.166783 0.156572 0.147688 0.145142 0.143751 0.143238 0.185667 0.184427 0.185876 0.183132 0.176115 0.167031 0.158484 0.153016 0.146810 0.145579 0.143882 0.145570 0.185094 0.185682 0.186344 0.183307 0.182080 0.172613 0.162014 0.154527 0.148641 0.146927 0.145013 0.145593 0.184761 0.187457 0.184671 0.183887 0.178981 0.168594 0.158326 0.150410 0.147668 0.147616 0.146732 0.186912 0.187252 0.180900 0.174604 0.164859 0.152863 0.149559 0.148317 0.148254 0.149876
0.135420 0.135151 0.138486 0.153132 0.174846 0.183149 0.182447 0.183649 0.184104 0.186116 0.000000 0.136030 0.140121 0.150694 0.160568 0.178205 0.179869 0.185187 0.185623 0.183314 0.185863 0.137641 0.138248 0.140749 0.147862 0.154188 0.163300 0.175398 0.180666 0.184464 0.184535 0.185326 0.186398 0.140016 0.140717 0.145143 0.149825 0.160439 0.167929 0.175678 0.185426 0.183385 0.184281 0.184072 0.186323 0.140591 0.142429 0.145087 0.145296 0.158546 0.165609 0.171728 0.181961 0.182663 0.183359 0.183060 0.184501 0.141785 0.146023 0.145635 0.151720 0.163946 0.170201 0.176482 0.182563 0.182447 0.184083 0.184312 0.146739 0.150284 0.158244 0.168150 0.175126 0.180623 0.182749 0.183596 0.184937 0.187285
0.136592 0.133850 0.134768 0.150107 0.172316 0.180733 0.180105 0.181319 0.181778 0.183791 0.136030 0.129904 0.136125 0.147602 0.157829 0.175767 0.177512 0.182855 0.183297 0.180991 0.183540 0.138162 0.137018 0.137857 0.145203 0.151615 0.160821 0.172987 0.178304 0.182135 0.182212 0.183004 0.184078 0.139271 0.139102 0.143055 0.147638 0.158154 0.165614 0.173355 0.183109 0.181068 0.181964 0.181755 0.184006 0.139806 0.141252 0.143529 0.143532 0.156545 0.163456 0.169489 0.179668 0.180355 0.181047 0.180746 0.182186 0.140726 0.144720 0.144145 0.150052 0.161992 0.168080 0.174253 0.180268 0.180142 0.181773 0.182000 0.145388 0.148799 0.156467 0.166148 0.172972 0.178355 0.180453 0.181291 0.182627 0.184974
0.140455 0.137683 0.135915 0.148861 0.172164 0.180859 0.180415 0.181658 0.182127 0.184146 0.140121 0.136125 0.126299 0.145365 0.157074 0.175840 0.177786 0.183189 0.183646 0.181347 0.183898 0.141631 0.140473 0.139415 0.145232 0.151393 0.160806 0.173132 0.178566 0.182480 0.182568 0.183365 0.184441 0.142236 0.141500 0.144718 0.148735 0.158704 0.166017 0.173720 0.183483 0.181441 0.182335 0.182125 0.184376 0.142602 0.143803 0.145722 0.145402 0.157776 0.164261 0.170062 0.180101 0.180750 0.181432 0.181126 0.182563 0.143306 0.147095 0.146307 0.151888 0.163223 0.168921 0.174839 0.180693 0.180543 0.182163 0.182384 0.147687 0.150915 0.158037 0.167248 0.173726 0.178847 0.180875 0.181692 0.183018 0.185359
0.151021 0.148630 0.147104 0.138213 0.166512 0.176945 0.177661 0.179085 0.179622 0.181671 0.150694 0.147602 0.145365 0.118206 0.146629 0.171576 0.174802 0.180586 0.181139 0.178881 0.181444 0.151636 0.150615 0.149592 0.150177 0.145759 0.156007 0.169346 0.175517 0.179943 0.180105 0.180931 0.182020 0.151709 0.150627 0.152558 0.153090 0.158008 0.163984 0.171345 0.181131 0.179083 0.179963 0.179750 0.182001 0.151739 0.152661 0.153995 0.152643 0.161197 0.164774 0.169004 0.178128 0.178532 0.179150 0.178810 0.180233 0.152069 0.155469 0.154076 0.158110 0.166114 0.169473 0.173813 0.178659 0.178362 0.179913 0.180097 0.155766 0.158299 0.162664 0.169260 0.173704 0.177222 0.178820 0.179508 0.180768 0.183081
0.160927 0.158828 0.157905 0.138086 0.155950 0.168984 0.171548 0.173263 0.173909 0.176006 0.160568 0.157829 0.157074 0.146629 0.118607 0.162900 0.168307 0.174716 0.175423 0.173231 0.175814 0.161182 0.160249 0.159374 0.160399 0.147073 0.147365 0.161630 0.168943 0.174183 0.174461 0.175334 0.176443 0.160948 0.159758 0.161314 0.159368 0.157630 0.159679 0.165995 0.175686 0.173611 0.174467 0.174247 0.176496 0.160737 0.161508 0.162526 0.160386 0.164798 0.164260 0.165773 0.173301 0.173287 0.173796 0.173401 0.174800 0.160803 0.163922 0.162003 0.164356 0.168345 0.168471 0.170423 0.173697 0.173167 0.174608 0.174733 0.163926 0.165731 0.166858 0.170123 0.171735 0.172872 0.173818 0.174306 0.175462 0.177730
0.178600 0.176789 0.176517 0.164475 0.145193 0.147718 0.155516 0.158327 0.159438 0.161747 0.178205 0.175767 0.175840 0.171576 0.162900 0.123368 0.149563 0.159490 0.160932 0.159035 0.161702 0.178508 0.177670 0.176960 0.178711 0.168216 0.159387 0.153456 0.151944 0.159582 0.160310 0.161370 0.162563 0.177986 0.176752 0.178200 0.175479 0.168805 0.161142 0.157761 0.162977 0.160297 0.160961 0.160690 0.162928 0.177518 0.178155 0.178910 0.176096 0.176233 0.169135 0.162891 0.163198 0.160969 0.160906 0.160241 0.161532 0.177301 0.180119 0.177590 0.177754 0.175685 0.169190 0.164410 0.162280 0.160868 0.161864 0.161743 0.179744 0.180550 0.176691 0.173901 0.168953 0.163260 0.162144 0.161937 0.162702 0.164792
0.180274 0.178542 0.178448 0.169182 0.155780 0.146357 0.139764 0.142587 0.144194 0.146757 0.179869 0.177512 0.177786 0.174802 0.168307 0.149563 0.123092 0.142848 0.145603 0.144118 0.146894 0.180087 0.179277 0.178618 0.180576 0.171095 0.163498 0.158751 0.147702 0.144770 0.145493 0.146757 0.148046 0.179487 0.178248 0.179696 0.176951 0.169993 0.161170 0.153570 0.151507 0.146783 0.146972 0.146578 0.148791 0.178944 0.179546 0.180234 0.177261 0.176414 0.167595 0.158192 0.153137 0.148537 0.147661 0.146610 0.147751 0.178644 0.181376 0.178665 0.178157 0.174081 0.164857 0.156315 0.150345 0.148155 0.148673 0.148274 0.180881 0.181358 0.175746 0.170512 0.162281 0.152390 0.149861 0.149082 0.149469 0.151372
0.185595 0.183887 0.183847 0.175424 0.164404 0.156257 0.141057 0.141411 0.143170 0.145873 0.185187 0.182855 0.183189 0.180586 0.174716 0.159490 0.142848 0.140131 0.144416 0.143266 0.146118 0.185380 0.184579 0.183935 0.185956 0.176783 0.169572 0.165396 0.154862 0.145744 0.144784 0.146110 0.147454 0.184756 0.183516 0.184964 0.182219 0.175211 0.166174 0.157793 0.152947 0.147041 0.146764 0.146248 0.148437 0.184190 0.184782 0.185450 0.182429 0.181295 0.171985 0.161668 0.154752 0.149192 0.147877 0.146571 0.147610 0.183865 0.186570 0.183804 0.183090 0.178394 0.168305 0.158488 0.151114 0.148593 0.148865 0.148310 0.186038 0.186413 0.180251 0.174233 0.164896 0.153509 0.150453 0.149427 0.149627 0.151432
0.186031 0.184330 0.184303 0.176091 0.165700 0.158134 0.143071 0.141008 0.140673 0.143334 0.185623 0.183297 0.183646 0.181139 0.175423 0.160932 0.145603 0.144416 0.140048 0.140590 0.143674 0.185809 0.185010 0.184371 0.186408 0.177313 0.170198 0.166168 0.155859 0.146801 0.144183 0.144013 0.145338 0.185179 0.183939 0.185388 0.182643 0.175626 0.166549 0.158027 0.152663 0.146458 0.145578 0.144615 0.146712 0.184608 0.185197 0.185860 0.182827 0.181623 0.172194 0.161661 0.154305 0.148495 0.146928 0.145320 0.146183 0.184277 0.186975 0.184195 0.183428 0.178576 0.168266 0.158117 0.150352 0.147692 0.147789 0.147077 0.186434 0.186782 0.180480 0.174257 0.164624 0.152807 0.149583 0.148433 0.148497 0.150214
0.183723 0.182024 0.182002 0.173882 0.163762 0.156474 0.141750 0.139637 0.137138 0.137599 0.183314 0.180991 0.181347 0.178881 0.173231 0.159035 0.144118 0.143266 0.140590 0.133014 0.137579 0.183498 0.182700 0.182062 0.184106 0.175045 0.167973 0.164008 0.153804 0.144904 0.142275 0.140583 0.140361 0.182865 0.181625 0.183074 0.180330 0.173311 0.164222 0.155658 0.150143 0.143914 0.142617 0.140910 0.142639 0.182291 0.182879 0.183540 0.180502 0.179268 0.169790 0.159171 0.151644 0.145736 0.144000 0.142067 0.142647 0.181957 0.184653 0.181866 0.181077 0.176156 0.165749 0.155451 0.147501 0.144748 0.144684 0.143792 0.184107 0.184444 0.178079 0.171765 0.161994 0.149961 0.146643 0.145391 0.145320 0.146938
0.186272 0.184573 0.184554 0.176460 0.166419 0.159213 0.144606 0.142545 0.139954 0.138304 0.185863 0.183540 0.183898 0.181444 0.175814 0.161702 0.146894 0.146118 0.143674 0.137579 0.132315 0.186046 0.185248 0.184611 0.186656 0.177606 0.170547 0.166601 0.156428 0.147581 0.144979 0.143249 0.141520 0.185412 0.184172 0.185621 0.182877 0.175858 0.166766 0.158193 0.152642 0.146419 0.145042 0.142969 0.144409 0.184838 0.185425 0.186085 0.183047 0.181804 0.172311 0.161668 0.154094 0.148160 0.146375 0.144310 0.144738 0.184503 0.187197 0.184409 0.183613 0.178672 0.168236 0.157894 0.149889 0.147104 0.146977 0.146004 0.186651 0.186985 0.180601 0.174260 0.164446 0.152345 0.148997 0.147707 0.147579 0.149152
0.137917 0.138100 0.140689 0.154102 0.175248 0.183431 0.182649 0.183840 0.184290 0.186299 0.137641 0.138162 0.141631 0.151636 0.161182 0.178508 0.180087 0.185380 0.185809 0.183498 0.186046 0.000000 0.138512 0.141344 0.148289 0.154600 0.163637 0.175671 0.180889 0.184652 0.184718 0.185507 0.186578 0.138509 0.140336 0.145074 0.149846 0.160570 0.168098 0.175859 0.185602 0.183561 0.184458 0.184249 0.186500 0.139118 0.141435 0.144511 0.144908 0.158393 0.165612 0.171822 0.182112 0.182829 0.183530 0.183233 0.184675 0.140636 0.145152 0.144965 0.151231 0.163747 0.170175 0.176565 0.182717 0.182611 0.184251 0.184483 0.145916 0.149605 0.157865 0.168001 0.175134 0.180747 0.182904 0.183760 0.185105 0.187455
0.139109 0.138089 0.139957 0.153170 0.174387 0.182603 0.181845 0.183039 0.183491 0.185501 0.138248 0.137018 0.140473 0.150615 0.160249 0.177670 0.179277 0.184579 0.185010 0.182700 0.185248 0.138512 0.000000 0.139657 0.147039 0.153616 0.162753 0.174831 0.180074 0.183852 0.183920 0.184710 0.185782 0.139025 0.139209 0.144015 0.148883 0.159716 0.167280 0.175054 0.184805 0.182765 0.183662 0.183453 0.185705 0.139935 0.141419 0.143972 0.144249 0.157671 0.164859 0.171048 0.181323 0.182037 0.182736 0.182439 0.183880 0.140954 0.145057 0.144632 0.150764 0.163112 0.169459 0.175805 0.181930 0.181820 0.183458 0.183689 0.145786 0.149319 0.157356 0.167355 0.174410 0.179972 0.182117 0.182969 0.184312 0.186662
0.141325 0.139623 0.140501 0.152471 0.173651 0.181914 0.181196 0.182397 0.182851 0.184863 0.140749 0.137857 0.139415 0.149592 0.159374 0.176960 0.178618 0.183935 0.184371 0.182062 0.184611 0.141344 0.139657 0.135155 0.144811 0.152471 0.161916 0.174106 0.179403 0.183210 0.183282 0.184073 0.185146 0.141253 0.139695 0.142775 0.147787 0.158909 0.166582 0.174395 0.184169 0.182131 0.183028 0.182820 0.185071 0.141576 0.142500 0.144198 0.143966 0.157171 0.164294 0.170450 0.180702 0.181409 0.182106 0.181807 0.183248 0.142125 0.145792 0.144990 0.150826 0.162802 0.168982 0.175238 0.181312 0.181195 0.182830 0.183059 0.146417 0.149708 0.157309 0.167024 0.173918 0.179379 0.181499 0.182344 0.183684 0.186033
0.148352 0.146619 0.146995 0.154458 0.175298 0.183753 0.183196 0.184424 0.184889 0.186905 0.147862 0.145203 0.145232 0.150177 0.160399 0.178711 0.180576 0.185956 0.186408 0.184106 0.186656 0.148289 0.147039 0.144811 0.000000 0.151879 0.163085 0.175792 0.181310 0.185237 0.185326 0.186122 0.187197 0.147928 0.146276 0.146938 0.149409 0.160493 0.168429 0.176368 0.186219 0.184190 0.185087 0.184879 0.187130 0.147928 0.148642 0.149669 0.148518 0.160181 0.166737 0.172681 0.182816 0.183492 0.184181 0.183877 0.185315 0.148176 0.151514 0.150267 0.155369 0.166114 0.171659 0.177564 0.183435 0.183289 0.184912 0.185135 0.151959 0.154877 0.161354 0.170181 0.176512 0.181595 0.183621 0.184439 0.185767 0.188109
0.154603 0.152749 0.152519 0.147941 0.164560 0.173757 0.173926 0.175280 0.175797 0.177838 0.154188 0.151615 0.151393 0.145759 0.147073 0.168216 0.171095 0.176783 0.177313 0.175045 0.177606 0.154600 0.153616 0.152471 0.151879 0.120167 0.148239 0.164685 0.171517 0.176092 0.176261 0.177086 0.178174 0.154187 0.152788 0.153753 0.149509 0.149589 0.158255 0.166883 0.177176 0.175203 0.176101 0.175894 0.178146 0.153938 0.154614 0.155455 0.153093 0.158018 0.160111 0.164604 0.174105 0.174624 0.175271 0.174943 0.176370 0.153949 0.157016 0.155105 0.157864 0.163499 0.165833 0.169928 0.174767 0.174479 0.176039 0.176228 0.157071 0.159056 0.161451 0.166512 0.170179 0.173393 0.174948 0.175632 0.176896 0.179212
0.163702 0.161878 0.161617 0.151904 0.157157 0.165978 0.166640 0.168113 0.168689 0.170758 0.163300 0.160821 0.160806 0.156007 0.147365 0.159387 0.163498 0.169572 0.170198 0.167973 0.170547 0.163637 0.162753 0.161916 0.163085 0.148239 0.120715 0.152734 0.163044 0.168870 0.169175 0.170043 0.171148 0.163148 0.161854 0.163113 0.159538 0.150285 0.149258 0.158779 0.170035 0.168204 0.169118 0.168917 0.171170 0.162752 0.163398 0.164166 0.161411 0.162275 0.158450 0.159163 0.167481 0.167788 0.168387 0.168031 0.169445 0.162611 0.165511 0.163186 0.164243 0.165280 0.163575 0.164926 0.168227 0.167736 0.169210 0.169355 0.165293 0.166559 0.165378 0.166556 0.166906 0.167519 0.168401 0.168897 0.170071 0.172350
0.175800 0.174023 0.173841 0.163828 0.157752 0.162424 0.162506 0.164030 0.164675 0.166783 0.175398 0.172987 0.173132 0.169346 0.161630 0.153456 0.158751 0.165396 0.166168 0.164008 0.166601 0.175671 0.174831 0.174106 0.175792 0.164685 0.152734 0.128866 0.154895 0.164516 0.165161 0.166113 0.167250 0.175121 0.173863 0.175242 0.172176 0.163989 0.153205 0.153038 0.165785 0.164307 0.165273 0.165090 0.167348 0.174641 0.175263 0.175986 0.173092 0.172749 0.165151 0.160034 0.164483 0.164199 0.164708 0.164309 0.165704 0.174409 0.177212 0.174662 0.174798 0.172847 0.167216 0.164599 0.165151 0.164297 0.165626 0.165698 0.176835 0.177655 0.174027 0.171935 0.168564 0.165459 0.165281 0.165467 0.166494 0.168713
0.181071 0.179336 0.179240 0.170101 0.159657 0.157267 0.152535 0.153727 0.154418 0.156572 0.180666 0.178304 0.178566 0.175517 0.168943 0.151944 0.147702 0.154862 0.155859 0.153804 0.156428 0.180889 0.180074 0.179403 0.181310 0.171517 0.163044 0.154895 0.125764 0.152879 0.154775 0.155942 0.157148 0.180293 0.179049 0.180475 0.177627 0.170224 0.160321 0.150607 0.155086 0.154138 0.155235 0.155102 0.157372 0.179760 0.180363 0.181052 0.178078 0.177214 0.168387 0.159351 0.157263 0.154793 0.154997 0.154505 0.155867 0.179469 0.182211 0.179524 0.179118 0.175409 0.166935 0.160086 0.156519 0.155010 0.156068 0.156009 0.181736 0.182275 0.177054 0.172539 0.165674 0.158086 0.156453 0.156160 0.156942 0.159056
0.184872 0.183168 0.183138 0.174890 0.164663 0.157833 0.145087 0.144951 0.145514 0.147688 0.184464 0.182135 0.182480 0.179943 0.174183 0.159582 0.144770 0.145744 0.146801 0.144904 0.147581 0.184652 0.183852 0.183210 0.185237 0.176092 0.168870 0.164516 0.152879 0.136221 0.145071 0.146997 0.148389 0.184023 0.182783 0.184229 0.181473 0.174408 0.165213 0.156408 0.150822 0.145374 0.146552 0.146535 0.148836 0.183455 0.184044 0.184708 0.181679 0.180486 0.171074 0.160585 0.153475 0.147965 0.147084 0.146303 0.147587 0.183126 0.185827 0.183052 0.182309 0.177533 0.167355 0.157471 0.150138 0.147765 0.148309 0.147998 0.185290 0.185652 0.179427 0.173340 0.163961 0.152628 0.149640 0.148761 0.149160 0.151098
0.184944 0.183245 0.183224 0.175117 0.165100 0.158046 0.144047 0.143108 0.143105 0.145142 0.184535 0.182212 0.182568 0.180105 0.174461 0.160310 0.145493 0.144784 0.144183 0.142275 0.144979 0.184718 0.183920 0.183282 0.185326 0.176261 0.169175 0.165161 0.154775 0.145071 0.140172 0.144029 0.145759 0.184085 0.182845 0.184293 0.181546 0.174513 0.165387 0.156720 0.150936 0.144368 0.144018 0.144039 0.146380 0.183512 0.184099 0.184760 0.181722 0.180482 0.170992 0.160343 0.152757 0.146834 0.145388 0.144164 0.145343 0.183177 0.185873 0.183086 0.182298 0.177379 0.166981 0.156713 0.148845 0.146227 0.146479 0.145964 0.185328 0.185666 0.179306 0.173008 0.163283 0.151381 0.148152 0.147075 0.147271 0.149092
0.185734 0.184037 0.184021 0.175973 0.166091 0.159089 0.144906 0.143358 0.142354 0.143751 0.185326 0.183004 0.183365 0.180931 0.175334 0.161370 0.146757 0.146110 0.144013 0.140583 0.143249 0.185507 0.184710 0.184073 0.186122 0.177086 0.170043 0.166113 0.155942 0.146997 0.144029 0.140022 0.143652 0.184872 0.183632 0.185081 0.182336 0.175312 0.166203 0.157580 0.151878 0.145538 0.143863 0.142483 0.144834 0.184297 0.184883 0.185542 0.182501 0.181243 0.171723 0.161029 0.153353 0.147361 0.145539 0.143616 0.144368 0.183960 0.186654 0.183862 0.183056 0.178083 0.167605 0.157202 0.149134 0.146347 0.146273 0.145420 0.186105 0.186434 0.180023 0.173644 0.163781 0.151623 0.148261 0.146997 0.146934 0.148572
0.186807 0.185111 0.185096 0.177076 0.167261 0.160304 0.146115 0.144414 0.142766 0.143238 0.186398 0.184078 0.184441 0.182020 0.176443 0.162563 0.148046 0.147454 0.145338 0.140361 0.141520 0.186578 0.185782 0.185146 0.187197 0.178174 0.171148 0.167250 0.157148 0.148389 0.145759 0.143652 0.139200 0.185943 0.184703 0.186152 0.183409 0.176387 0.167285 0.158676 0.153007 0.146773 0.145168 0.142354 0.143255 0.185367 0.185953 0.186611 0.183569 0.182302 0.172769 0.162057 0.154350 0.148342 0.146435 0.144087 0.144213 0.185029 0.187722 0.184928 0.184114 0.179118 0.168605 0.158145 0.149993 0.147134 0.146871 0.145728 0.187172 0.187496 0.181063 0.174649 0.164725 0.152451 0.149027 0.147651 0.147402 0.148882
0.140457 0.139906 0.141866 0.154189 0.174817 0.182889 0.182035 0.183214 0.183659 0.185667 0.140016 0.139271 0.142236 0.151709 0.160948 0.177986 0.179487 0.184756 0.185179 0.182865 0.185412 0.138509 0.139025 0.141253 0.147928 0.154187 0.163148 0.175121 0.180293 0.184023 0.184085 0.184872 0.185943 0.134285 0.138990 0.144186 0.149057 0.159889 0.167453 0.175224 0.184962 0.182921 0.183819 0.183611 0.185862 0.137462 0.139462 0.143095 0.143720 0.157443 0.164811 0.171106 0.181449 0.182181 0.182886 0.182591 0.184033 0.139010 0.143568 0.143544 0.149977 0.162761 0.169348 0.175841 0.182057 0.181960 0.183605 0.183839 0.144413 0.148200 0.156719 0.167063 0.174340 0.180060 0.182245 0.183109 0.184459 0.186811
0.141270 0.140200 0.141679 0.153200 0.173607 0.181659 0.180796 0.181974 0.182420 0.184427 0.140717 0.139102 0.141500 0.150627 0.159758 0.176752 0.178248 0.183516 0.183939 0.181625 0.184172 0.140336 0.139209 0.139695 0.146276 0.152788 0.161854 0.173863 0.179049 0.182783 0.182845 0.183632 0.184703 0.138990 0.134519 0.141986 0.147285 0.158487 0.166161 0.173968 0.183720 0.181680 0.182579 0.182371 0.184622 0.139253 0.139593 0.141554 0.142212 0.156076 0.163523 0.169849 0.180205 0.180940 0.181645 0.181351 0.182793 0.139618 0.143247 0.142666 0.148932 0.161574 0.168124 0.174605 0.180817 0.180720 0.182365 0.182599 0.144003 0.147472 0.155688 0.165899 0.173125 0.178824 0.181006 0.181869 0.183219 0.185571
0.145660 0.144327 0.145403 0.155264 0.175113 0.183121 0.182246 0.183423 0.183868 0.185876 0.145143 0.143055 0.144718 0.152558 0.161314 0.178200 0.179696 0.184964 0.185388 0.183074 0.185621 0.145074 0.144015 0.142775 0.146938 0.153753 0.163113 0.175242 0.180475 0.184229 0.184293 0.185081 0.186152 0.144186 0.141986 0.139405 0.146763 0.159393 0.167440 0.175364 0.185161 0.183128 0.184028 0.183820 0.186071 0.143932 0.144322 0.144585 0.143303 0.157206 0.164849 0.171259 0.181647 0.182389 0.183095 0.182801 0.184243 0.143910 0.146974 0.145596 0.151212 0.163272 0.169659 0.176084 0.182272 0.182172 0.183816 0.184049 0.147444 0.150451 0.157863 0.167640 0.174682 0.180298 0.182462 0.183322 0.184670 0.187021
0.150306 0.148847 0.149566 0.155210 0.172685 0.180464 0.179510 0.180680 0.181124 0.183132 0.149825 0.147638 0.148735 0.153090 0.159368 0.175479 0.176951 0.182219 0.182643 0.180330 0.182877 0.149846 0.148883 0.147787 0.149409 0.149509 0.159538 0.172176 0.177627 0.181473 0.181546 0.182336 0.183409 0.149057 0.147285 0.146763 0.129768 0.153442 0.163784 0.172347 0.182378 0.180377 0.181283 0.181077 0.183329 0.148660 0.149120 0.149470 0.146083 0.153333 0.161481 0.168298 0.178860 0.179639 0.180353 0.180060 0.181503 0.148502 0.151394 0.149376 0.152947 0.161834 0.167331 0.173474 0.179552 0.179440 0.181080 0.181312 0.151504 0.153771 0.158427 0.166282 0.172451 0.177667 0.179752 0.180594 0.181935 0.184285
0.160872 0.159253 0.159488 0.157337 0.167319 0.173977 0.172559 0.173676 0.174110 0.176115 0.160439 0.158154 0.158704 0.158008 0.157630 0.168805 0.169993 0.175211 0.175626 0.173311 0.175858 0.160570 0.159716 0.158909 0.160493 0.149589 0.150285 0.163989 0.170224 0.174408 0.174513 0.175312 0.176387 0.159889 0.158487 0.159393 0.153442 0.000000 0.151958 0.164027 0.175166 0.173313 0.174250 0.174054 0.176308 0.159372 0.159917 0.160466 0.157077 0.153885 0.152521 0.160266 0.171601 0.172567 0.173320 0.173039 0.174484 0.159095 0.161850 0.159281 0.159720 0.160866 0.162050 0.166927 0.172591 0.172441 0.174071 0.174299 0.161539 0.162659 0.161587 0.164228 0.167325 0.171044 0.172834 0.173612 0.174932 0.177275
0.168345 0.166670 0.166728 0.160750 0.162323 0.166388 0.163685 0.164645 0.165040 0.167031 0.167929 0.165614 0.166017 0.163984 0.159679 0.161142 0.161170 0.166174 0.166549 0.164222 0.166766 0.168098 0.167280 0.166582 0.168429 0.158255 0.149258 0.153205 0.160321 0.165213 0.165387 0.166203 0.167285 0.167453 0.166161 0.167440 0.163784 0.151958 0.123021 0.150732 0.165507 0.164085 0.165109 0.164939 0.167200 0.166902 0.167476 0.168102 0.164931 0.162654 0.151540 0.149498 0.161883 0.163305 0.164166 0.163920 0.165376 0.166590 0.169308 0.166596 0.166193 0.163077 0.158166 0.159133 0.163609 0.163364 0.164976 0.165199 0.168850 0.169487 0.165267 0.163435 0.162148 0.162808 0.163939 0.164574 0.165851 0.168181
0.176089 0.174395 0.174395 0.166929 0.161814 0.161523 0.155715 0.156255 0.156534 0.158484 0.175678 0.173355 0.173720 0.171345 0.165995 0.157761 0.153570 0.157793 0.158027 0.155658 0.158193 0.175859 0.175054 0.174395 0.176368 0.166883 0.158779 0.153038 0.150607 0.156408 0.156720 0.157580 0.158676 0.175224 0.173968 0.175364 0.172347 0.164027 0.150732 0.123021 0.154884 0.155083 0.156378 0.156289 0.158567 0.174659 0.175244 0.175895 0.172817 0.171242 0.160945 0.149164 0.152228 0.154267 0.155398 0.155251 0.156737 0.174334 0.177039 0.174280 0.173622 0.169251 0.160386 0.155160 0.155393 0.154805 0.156368 0.156580 0.176524 0.176968 0.171365 0.166744 0.160888 0.156213 0.155829 0.156112 0.157277 0.159576
0.185836 0.184144 0.184140 0.176348 0.167782 0.162791 0.151665 0.151253 0.151197 0.153016 0.185426 0.183109 0.183483 0.181131 0.175686 0.162977 0.151507 0.152947 0.152663 0.150143 0.152642 0.185602 0.184805 0.184169 0.186219 0.177176 0.170035 0.165785 0.155086 0.150822 0.150936 0.151878 0.153007 0.184962 0.183720 0.185161 0.182378 0.175166 0.165507 0.154884 0.139584 0.148026 0.150316 0.150474 0.152804 0.184384 0.184968 0.185623 0.182567 0.181204 0.171463 0.160286 0.152098 0.147863 0.149271 0.149360 0.150933 0.184045 0.186734 0.183937 0.183111 0.178098 0.167650 0.157603 0.150850 0.149210 0.150611 0.150803 0.186183 0.186509 0.180109 0.173845 0.164439 0.153609 0.151008 0.150647 0.151591 0.153830
0.183794 0.182101 0.182096 0.174230 0.165003 0.158832 0.146014 0.145230 0.145031 0.146810 0.183385 0.181068 0.181441 0.179083 0.173611 0.160297 0.146783 0.147041 0.146458 0.143914 0.146419 0.183561 0.182765 0.182131 0.184190 0.175203 0.168204 0.164307 0.154138 0.145374 0.144368 0.145538 0.146773 0.182921 0.181680 0.183128 0.180377 0.173313 0.164085 0.155083 0.148026 0.139582 0.143734 0.144251 0.146649 0.182341 0.182926 0.183581 0.180530 0.179206 0.169567 0.158620 0.150360 0.144060 0.143371 0.143344 0.144924 0.182001 0.184689 0.181888 0.181044 0.175964 0.165346 0.154772 0.146648 0.144242 0.145028 0.145004 0.184134 0.184446 0.177949 0.171466 0.161520 0.149449 0.146243 0.145421 0.146002 0.148084
0.184690 0.182997 0.182989 0.175082 0.165638 0.159121 0.145681 0.144568 0.144014 0.145579 0.184281 0.181964 0.182335 0.179963 0.174467 0.160961 0.146972 0.146764 0.145578 0.142617 0.145042 0.184458 0.183662 0.183028 0.185087 0.176101 0.169118 0.165273 0.155235 0.146552 0.144018 0.143863 0.145168 0.183819 0.182579 0.184028 0.181283 0.174250 0.165109 0.156378 0.150316 0.143734 0.139799 0.142268 0.144958 0.183240 0.183825 0.184481 0.181432 0.180126 0.170527 0.159685 0.151693 0.145505 0.143345 0.141838 0.143439 0.182900 0.185589 0.182788 0.181948 0.176874 0.166254 0.155639 0.147326 0.144471 0.144485 0.143940 0.185034 0.185346 0.178845 0.172338 0.162295 0.149897 0.146457 0.145223 0.145307 0.147106
0.184481 0.182788 0.182780 0.174861 0.165353 0.158723 0.145040 0.143684 0.142701 0.143882 0.184072 0.181755 0.182125 0.179750 0.174247 0.160690 0.146578 0.146248 0.144615 0.140910 0.142969 0.184249 0.183453 0.182820 0.184879 0.175894 0.168917 0.165090 0.155102 0.146535 0.144039 0.142483 0.142354 0.183611 0.182371 0.183820 0.181077 0.174054 0.164939 0.156289 0.150474 0.144251 0.142268 0.136983 0.141329 0.183032 0.183617 0.184273 0.181224 0.179924 0.170337 0.159529 0.151639 0.145526 0.143410 0.140493 0.140652 0.182691 0.185380 0.182580 0.181741 0.176667 0.166045 0.155417 0.147055 0.144081 0.143603 0.142291 0.184826 0.185138 0.178634 0.172116 0.162035 0.149512 0.145977 0.144478 0.144080 0.145473
0.186732 0.185039 0.185031 0.177110 0.167587 0.160931 0.147187 0.145758 0.144598 0.145570 0.186323 0.184006 0.184376 0.182001 0.176496 0.162928 0.148791 0.148437 0.146712 0.142639 0.144409 0.186500 0.185705 0.185071 0.187130 0.178146 0.171170 0.167348 0.157372 0.148836 0.146380 0.144834 0.143255 0.185862 0.184622 0.186071 0.183329 0.176308 0.167200 0.158567 0.152804 0.146649 0.144958 0.141329 0.135934 0.185283 0.185868 0.186524 0.183476 0.182177 0.172592 0.161793 0.153927 0.147833 0.145757 0.142851 0.141558 0.184942 0.187632 0.184831 0.183992 0.178918 0.168295 0.157664 0.149292 0.146295 0.145718 0.144032 0.187077 0.187389 0.180884 0.174364 0.164273 0.151719 0.148160 0.146586 0.145997 0.147176
0.140941 0.140418 0.142321 0.154157 0.174423 0.182399 0.181478 0.182647 0.183088 0.185094 0.140591 0.139806 0.142602 0.151739 0.160737 0.177518 0.178944 0.184190 0.184608 0.182291 0.184838 0.139118 0.139935 0.141576 0.147928 0.153938 0.162752 0.174641 0.179760 0.183455 0.183512 0.184297 0.185367 0.137462 0.139253 0.143932 0.148660 0.159372 0.166902 0.174659 0.184384 0.182341 0.183240 0.183032 0.185283 0.131263 0.137914 0.142071 0.142796 0.156642 0.164103 0.170462 0.180848 0.181593 0.182301 0.182008 0.183451 0.135627 0.141507 0.141975 0.148670 0.161805 0.168573 0.175174 0.181456 0.181369 0.183018 0.183254 0.142351 0.146502 0.155497 0.166138 0.173591 0.179429 0.181645 0.182518 0.183872 0.186226
0.142873 0.142083 0.143757 0.155082 0.175102 0.183027 0.182074 0.183237 0.183677 0.185682 0.142429 0.141252 0.143803 0.152661 0.161508 0.178155 0.179546 0.184782 0.185197 0.182879 0.185425 0.141435 0.141419 0.142500 0.148642 0.154614 0.163398 0.175263 0.180363 0.184044 0.184099 0.184883 0.185953 0.139462 0.139593 0.144322 0.149120 0.159917 0.167476 0.175244 0.184968 0.182926 0.183825 0.183617 0.185868 0.137914 0.000000 0.141859 0.142995 0.157053 0.164607 0.171010 0.181422 0.182174 0.182883 0.182592 0.184035 0.137677 0.141768 0.142228 0.148994 0.162242 0.169078 0.175722 0.182031 0.181948 0.183599 0.183837 0.142951 0.146917 0.155909 0.166606 0.174112 0.179994 0.182221 0.183097 0.184453 0.186808
0.145568 0.144543 0.145958 0.156394 0.175940 0.183766 0.182750 0.183904 0.184340 0.186344 0.145087 0.143529 0.145722 0.153995 0.162526 0.178910 0.180234 0.185450 0.185860 0.183540 0.186085 0.144511 0.143972 0.144198 0.149669 0.155455 0.164166 0.175986 0.181052 0.184708 0.184760 0.185542 0.186611 0.143095 0.141554 0.144585 0.149470 0.160466 0.168102 0.175895 0.185623 0.183581 0.184481 0.184273 0.186524 0.142071 0.141859 0.000000 0.142409 0.157282 0.165086 0.171591 0.182056 0.182822 0.183535 0.183245 0.184689 0.141399 0.143694 0.142372 0.149187 0.162627 0.169585 0.176310 0.182670 0.182595 0.184249 0.184489 0.144377 0.147604 0.156342 0.167074 0.174658 0.180614 0.182861 0.183744 0.185103 0.187459
0.145776 0.144616 0.145821 0.154823 0.173324 0.180915 0.179749 0.180880 0.181307 0.183307 0.145296 0.143532 0.145402 0.152643 0.160386 0.176096 0.177261 0.182429 0.182827 0.180502 0.183047 0.144908 0.144249 0.143966 0.148518 0.153093 0.161411 0.173092 0.178078 0.181679 0.181722 0.182501 0.183569 0.143720 0.142212 0.143303 0.146083 0.157077 0.164931 0.172817 0.182567 0.180530 0.181432 0.181224 0.183476 0.142796 0.142995 0.142409 0.129869 0.152264 0.161444 0.168327 0.178950 0.179753 0.180475 0.180189 0.181636 0.142111 0.144383 0.141063 0.145675 0.158994 0.166203 0.173107 0.179582 0.179524 0.181186 0.181430 0.144115 0.146293 0.153402 0.163772 0.171405 0.177489 0.179778 0.180674 0.182040 0.184400
0.159000 0.157625 0.158360 0.161720 0.174640 0.180813 0.178734 0.179725 0.180102 0.182080 0.158546 0.156545 0.157776 0.161197 0.164798 0.176233 0.176414 0.181295 0.181623 0.179268 0.181804 0.158393 0.157671 0.157171 0.160181 0.158018 0.162275 0.172749 0.177214 0.180486 0.180482 0.181243 0.182302 0.157443 0.156076 0.157206 0.153333 0.153885 0.162654 0.171242 0.181204 0.179206 0.180126 0.179924 0.182177 0.156642 0.157053 0.157282 0.152264 0.000000 0.154939 0.165416 0.177255 0.178322 0.179105 0.178848 0.180305 0.156061 0.158477 0.155142 0.152765 0.154970 0.162988 0.170909 0.178052 0.178092 0.179802 0.180071 0.157817 0.158309 0.156798 0.162274 0.169256 0.175801 0.178284 0.179251 0.180657 0.183035
0.166041 0.164515 0.164899 0.163264 0.169315 0.173225 0.169624 0.170380 0.170673 0.172613 0.165609 0.163456 0.164261 0.164774 0.164260 0.169135 0.167595 0.171985 0.172194 0.169790 0.172311 0.165612 0.164859 0.164294 0.166737 0.160111 0.158450 0.165151 0.168387 0.171074 0.170992 0.171723 0.172769 0.164811 0.163523 0.164849 0.161481 0.152521 0.151540 0.160945 0.171463 0.169567 0.170527 0.170337 0.172592 0.164103 0.164607 0.165086 0.161444 0.154939 0.125371 0.151380 0.166789 0.168487 0.169400 0.169195 0.170672 0.163622 0.166157 0.163045 0.161072 0.153298 0.151170 0.159957 0.168106 0.168302 0.170084 0.170394 0.165466 0.165534 0.158963 0.157072 0.159772 0.165841 0.168443 0.169486 0.170946 0.173351
0.172148 0.170534 0.170711 0.165818 0.165164 0.165781 0.159645 0.159995 0.160139 0.162014 0.171728 0.169489 0.170062 0.169004 0.165773 0.162891 0.158192 0.161668 0.161661 0.159171 0.161668 0.171822 0.171048 0.170450 0.172681 0.164604 0.159163 0.160034 0.159351 0.160585 0.160343 0.161029 0.162057 0.171106 0.169849 0.171259 0.168298 0.160266 0.149498 0.149164 0.160286 0.158620 0.159685 0.159529 0.161793 0.170462 0.171010 0.171591 0.168327 0.165416 0.151380 0.121559 0.153296 0.157101 0.158363 0.158275 0.159793 0.170049 0.172661 0.169704 0.168285 0.161498 0.149181 0.147808 0.156764 0.157181 0.159079 0.159450 0.172021 0.172130 0.164862 0.158659 0.154013 0.155352 0.157425 0.158454 0.159964 0.162401
0.182373 0.180704 0.180753 0.173769 0.167247 0.163527 0.153294 0.152921 0.152777 0.154527 0.181961 0.179668 0.180101 0.178128 0.173301 0.163198 0.153137 0.154752 0.154305 0.151644 0.154094 0.182112 0.181323 0.180702 0.182816 0.174105 0.167481 0.164483 0.157263 0.153475 0.152757 0.153353 0.154350 0.181449 0.180205 0.181647 0.178860 0.171601 0.161883 0.152228 0.152098 0.150360 0.151693 0.151639 0.153927 0.180848 0.181422 0.182056 0.178950 0.177255 0.166789 0.153296 0.133386 0.147383 0.149925 0.150176 0.151793 0.180484 0.183148 0.180296 0.179266 0.173621 0.162211 0.150771 0.148506 0.148812 0.150888 0.151362 0.182562 0.182794 0.175911 0.169090 0.159532 0.151007 0.149909 0.150410 0.151862 0.154318
0.183073 0.181390 0.181404 0.173843 0.165472 0.160049 0.147987 0.147259 0.146961 0.148641 0.182663 0.180355 0.180750 0.178532 0.173287 0.160969 0.148537 0.149192 0.148495 0.145736 0.148160 0.182829 0.182037 0.181409 0.183492 0.174624 0.167788 0.164199 0.154793 0.147965 0.146834 0.147361 0.148342 0.182181 0.180940 0.182389 0.179639 0.172567 0.163305 0.154267 0.147863 0.144060 0.145505 0.145526 0.147833 0.181593 0.182174 0.182822 0.179753 0.178322 0.168487 0.157101 0.147383 0.139231 0.143364 0.143936 0.145632 0.181243 0.183921 0.181099 0.180179 0.174863 0.163900 0.152756 0.144006 0.142557 0.144659 0.145177 0.183353 0.183626 0.176926 0.170159 0.159865 0.147596 0.144572 0.144419 0.145719 0.148152
0.183769 0.182081 0.182086 0.174373 0.165486 0.159503 0.146730 0.145798 0.145341 0.146927 0.183359 0.181047 0.181432 0.179150 0.173796 0.160906 0.147661 0.147877 0.146928 0.144000 0.146375 0.183530 0.182736 0.182106 0.184181 0.175271 0.168387 0.164708 0.154997 0.147084 0.145388 0.145539 0.146435 0.182886 0.181645 0.183095 0.180353 0.173320 0.164166 0.155398 0.149271 0.143371 0.143345 0.143410 0.145757 0.182301 0.182883 0.183535 0.180475 0.179105 0.169400 0.158363 0.149925 0.143364 0.138999 0.141412 0.143427 0.181954 0.184637 0.181823 0.180934 0.175708 0.164871 0.153909 0.145117 0.141961 0.142526 0.143012 0.184073 0.184360 0.177723 0.171013 0.160667 0.147824 0.144228 0.143175 0.143816 0.146081
0.183470 0.181780 0.181780 0.173989 0.164848 0.158583 0.145401 0.144281 0.143599 0.145013 0.183060 0.180746 0.181126 0.178810 0.173401 0.160241 0.146610 0.146571 0.145320 0.142067 0.144310 0.183233 0.182439 0.181807 0.183877 0.174943 0.168031 0.164309 0.154505 0.146303 0.144164 0.143616 0.144087 0.182591 0.181351 0.182801 0.180060 0.173039 0.163920 0.155251 0.149360 0.143344 0.141838 0.140493 0.142851 0.182008 0.182592 0.183245 0.180189 0.178848 0.169195 0.158275 0.150176 0.143936 0.141412 0.136048 0.139974 0.181664 0.184349 0.181540 0.180667 0.175493 0.164728 0.153874 0.145210 0.142020 0.141048 0.139998 0.183788 0.184083 0.177487 0.170831 0.160531 0.147641 0.143933 0.142240 0.141785 0.143381
