0.122333 0.140500 0.149833 0.160500 0.161500 0.165166 0.170833 0.169250 0.166500 0.166778 0.137833 0.152334 0.157100 0.165833 0.159500 0.163417 0.168167 0.167222 0.167500 0.169833 0.170417 0.149166 0.152167 0.153056 0.160833 0.163833 0.165900 0.168000 0.163056 0.166167 0.166278 0.171083 0.169167 0.156000 0.156722 0.156500 0.159833 0.163167 0.168583 0.168583 0.170167 0.169357 0.171470 0.170666 0.170967 0.154500 0.157500 0.154500 0.159334 0.162166 0.161000 0.165583 0.167929 0.167633 0.169167 0.170500 0.171295 0.161000 0.156834 0.159834 0.161833 0.163834 0.170166 0.169433 0.169833 0.169167 0.170417 0.169708 0.154667 0.162611 0.162055 0.168786 0.174056 0.174056 0.169750 0.161500 0.168611 0.167000
0.140500 0.000000 0.147833 0.162417 0.163666 0.171889 0.172200 0.170583 0.170667 0.171167 0.134333 0.144334 0.154800 0.163167 0.165250 0.168583 0.170000 0.170667 0.174166 0.170444 0.170583 0.140333 0.150667 0.154778 0.161333 0.169000 0.171000 0.170917 0.171222 0.168733 0.173778 0.175250 0.172333 0.155222 0.158444 0.160500 0.161445 0.162667 0.170166 0.174916 0.173867 0.172905 0.172515 0.177500 0.172933 0.160000 0.158333 0.166667 0.166000 0.166000 0.170667 0.175584 0.175714 0.173800 0.174000 0.173733 0.175897 0.167500 0.159667 0.163000 0.170000 0.169167 0.176000 0.178267 0.176666 0.173524 0.175833 0.171333 0.164834 0.169778 0.166222 0.174190 0.180222 0.177333 0.179250 0.173667 0.176111 0.170833
0.149833 0.147833 0.131000 0.157500 0.157500 0.161500 0.164833 0.165167 0.163542 0.163222 0.142500 0.149500 0.148767 0.155833 0.161083 0.160250 0.164833 0.167055 0.165667 0.164055 0.164208 0.142500 0.154834 0.154722 0.149833 0.160611 0.165500 0.161250 0.163056 0.165234 0.165278 0.166000 0.163055 0.157000 0.154055 0.159167 0.159444 0.158834 0.167667 0.166917 0.167233 0.166167 0.167621 0.168000 0.166233 0.159333 0.165500 0.161500 0.161500 0.161834 0.167167 0.168500 0.169024 0.166100 0.165417 0.165300 0.168218 0.167834 0.164500 0.166500 0.166334 0.172167 0.173333 0.171767 0.169055 0.166833 0.170750 0.167375 0.159500 0.166167 0.164278 0.168738 0.177056 0.170389 0.170167 0.160167 0.172389 0.168834
0.160500 0.162417 0.157500 0.137389 0.147917 0.153028 0.160317 0.158583 0.161187 0.159611 0.159750 0.162583 0.158650 0.154417 0.150083 0.153292 0.155972 0.161055 0.163083 0.163250 0.163687 0.159583 0.165250 0.161361 0.157083 0.157806 0.162983 0.160542 0.158250 0.159017 0.163111 0.164542 0.162056 0.163167 0.163139 0.160917 0.160361 0.161917 0.169250 0.165667 0.164083 0.164488 0.167038 0.162500 0.167517 0.162750 0.166583 0.163417 0.162167 0.160583 0.169250 0.170042 0.166417 0.166850 0.166208 0.169783 0.170647 0.170000 0.161250 0.164167 0.163834 0.167083 0.167083 0.172217 0.170472 0.167559 0.167250 0.169854 0.164667 0.165639 0.165028 0.167345 0.175972 0.168972 0.170333 0.165083 0.170528 0.167167
0.161500 0.163666 0.157500 0.147917 0.134667 0.144111 0.153467 0.153000 0.158125 0.156222 0.156000 0.164834 0.158400 0.155167 0.150750 0.145667 0.147667 0.155556 0.155500 0.159555 0.160125 0.157334 0.162334 0.160667 0.156666 0.158222 0.160733 0.156416 0.152778 0.152933 0.158389 0.163417 0.161000 0.162000 0.164556 0.161167 0.162333 0.160000 0.168083 0.164000 0.161067 0.160810 0.163788 0.162667 0.165467 0.168000 0.167333 0.164666 0.166333 0.157666 0.163834 0.167500 0.162667 0.161067 0.163000 0.163467 0.166718 0.172500 0.167333 0.164667 0.164000 0.165000 0.167166 0.170000 0.168333 0.164810 0.164416 0.166667 0.162666 0.167222 0.160556 0.167095 0.170667 0.166556 0.164667 0.164666 0.165889 0.162667
0.165166 0.171889 0.161500 0.153028 0.144111 0.120444 0.142533 0.147472 0.149167 0.149685 0.163111 0.166333 0.160822 0.159667 0.148472 0.139694 0.140333 0.150963 0.152556 0.151963 0.154472 0.164444 0.165000 0.160074 0.162778 0.159926 0.157600 0.154361 0.147852 0.149511 0.152074 0.155417 0.153519 0.164000 0.164556 0.160833 0.161407 0.158556 0.163056 0.160472 0.156511 0.156222 0.159111 0.157611 0.158556 0.163111 0.160445 0.163889 0.159556 0.155667 0.161889 0.163583 0.159032 0.158267 0.159389 0.158067 0.159513 0.168389 0.161556 0.163667 0.161778 0.164056 0.161778 0.165445 0.166185 0.158968 0.160056 0.160278 0.163278 0.161296 0.161444 0.163413 0.168926 0.163741 0.162750 0.153334 0.160963 0.161722
0.170833 0.172200 0.164833 0.160317 0.153467 0.142533 0.127267 0.140417 0.143833 0.144767 0.171067 0.171000 0.168840 0.164333 0.156083 0.146517 0.145267 0.143933 0.146167 0.145933 0.147050 0.167067 0.175400 0.167333 0.167134 0.164267 0.163627 0.156550 0.151200 0.147893 0.148489 0.149717 0.148133 0.168111 0.169667 0.166633 0.164978 0.162333 0.162833 0.160417 0.156133 0.154381 0.152861 0.152167 0.152467 0.170067 0.171867 0.167667 0.163800 0.162467 0.163667 0.164883 0.160486 0.159120 0.154867 0.155320 0.157585 0.177100 0.166933 0.168600 0.165467 0.166233 0.166000 0.164787 0.164644 0.159324 0.162200 0.159233 0.167367 0.165756 0.166156 0.166829 0.171578 0.165311 0.162583 0.156800 0.161644 0.159700
0.169250 0.170583 0.165167 0.158583 0.153000 0.147472 0.140417 0.124611 0.132208 0.137667 0.164083 0.168750 0.165617 0.162875 0.156167 0.152542 0.147917 0.139722 0.137083 0.138305 0.140604 0.161583 0.173417 0.166417 0.167417 0.164806 0.163117 0.155875 0.151083 0.147883 0.143611 0.143250 0.143722 0.166667 0.168917 0.161833 0.166000 0.161250 0.165750 0.157958 0.154067 0.153964 0.150856 0.147667 0.150117 0.170083 0.169083 0.167917 0.166666 0.161583 0.164000 0.165750 0.160226 0.158817 0.154625 0.154683 0.153763 0.173500 0.167250 0.168167 0.161667 0.168750 0.169250 0.164583 0.161361 0.156750 0.157958 0.157604 0.165833 0.167361 0.166361 0.166583 0.168528 0.163361 0.159625 0.157750 0.160528 0.155834
0.166500 0.170667 0.163542 0.161187 0.158125 0.149167 0.143833 0.132208 0.112762 0.123319 0.164250 0.168708 0.167900 0.166062 0.157104 0.153500 0.146417 0.141736 0.131812 0.127861 0.129010 0.162417 0.172500 0.165389 0.162583 0.161639 0.162667 0.155896 0.151194 0.145333 0.139722 0.139333 0.135139 0.166819 0.168250 0.164958 0.164556 0.158250 0.162729 0.156250 0.153258 0.150107 0.147841 0.140542 0.141867 0.168167 0.169750 0.167917 0.164625 0.163250 0.162042 0.163229 0.157691 0.155750 0.152333 0.150467 0.149955 0.174333 0.165500 0.167792 0.159333 0.167542 0.167792 0.161917 0.160667 0.155310 0.153521 0.153469 0.162333 0.166111 0.162306 0.164821 0.166139 0.158500 0.159646 0.152250 0.156444 0.153792
0.166778 0.171167 0.163222 0.159611 0.156222 0.149685 0.144767 0.137667 0.123319 0.107000 0.162833 0.167778 0.167856 0.163750 0.156583 0.152000 0.147278 0.142796 0.135389 0.120833 0.120903 0.161167 0.177278 0.165870 0.163278 0.161722 0.163189 0.154472 0.150574 0.145767 0.139611 0.138500 0.130667 0.166333 0.167796 0.163722 0.163074 0.160167 0.160750 0.154639 0.152211 0.148056 0.145116 0.138056 0.138167 0.167778 0.168500 0.165500 0.162778 0.159611 0.160111 0.161556 0.154230 0.153056 0.148472 0.145433 0.146107 0.173056 0.165167 0.165000 0.160556 0.164055 0.164333 0.160056 0.159278 0.155817 0.149611 0.150250 0.163056 0.161130 0.161759 0.163278 0.164759 0.157537 0.160389 0.151167 0.153204 0.151889
0.137833 0.134333 0.142500 0.159750 0.156000 0.163111 0.171067 0.164083 0.164250 0.162833 0.000000 0.143000 0.151400 0.160000 0.157083 0.165417 0.165000 0.165889 0.165833 0.167889 0.168083 0.137333 0.144333 0.151333 0.148333 0.163778 0.161867 0.162584 0.165111 0.164533 0.164333 0.168750 0.169222 0.149111 0.153667 0.150834 0.159222 0.155000 0.164833 0.165583 0.167400 0.166952 0.167939 0.169166 0.172467 0.150334 0.165333 0.153667 0.157334 0.165000 0.165666 0.167083 0.166333 0.168000 0.168500 0.167133 0.169769 0.161166 0.158000 0.157666 0.155334 0.164166 0.165666 0.169400 0.169222 0.168428 0.170000 0.167917 0.150833 0.160333 0.163000 0.168429 0.172333 0.168556 0.165750 0.162000 0.168444 0.164500
0.152334 0.144334 0.149500 0.162583 0.164834 0.166334 0.171000 0.168750 0.168708 0.167778 0.143000 0.140000 0.154133 0.165417 0.160084 0.164333 0.173000 0.171611 0.170333 0.171778 0.170875 0.150000 0.159334 0.153333 0.158666 0.166000 0.167800 0.169250 0.166111 0.169667 0.170722 0.173167 0.173333 0.155778 0.155111 0.162834 0.162444 0.162000 0.169833 0.170000 0.173266 0.170190 0.171394 0.172667 0.174400 0.163334 0.168000 0.165000 0.162500 0.160666 0.166833 0.172917 0.173905 0.172067 0.172500 0.172800 0.175718 0.170000 0.164000 0.163834 0.162500 0.170500 0.171500 0.177267 0.176333 0.173381 0.174667 0.175083 0.164334 0.168778 0.166555 0.173381 0.179889 0.174667 0.172917 0.168000 0.175334 0.172334
0.157100 0.154800 0.148767 0.158650 0.158400 0.160822 0.168840 0.165617 0.167900 0.167856 0.151400 0.154133 0.144400 0.157100 0.160083 0.162083 0.166533 0.169667 0.170100 0.167200 0.169050 0.155800 0.158667 0.156378 0.154267 0.163400 0.167933 0.166583 0.165356 0.165800 0.167733 0.169650 0.169444 0.158711 0.161822 0.161700 0.162467 0.158533 0.170367 0.167217 0.168093 0.170810 0.170770 0.171833 0.173040 0.162333 0.164467 0.163200 0.159933 0.165733 0.171000 0.172750 0.171105 0.169587 0.170933 0.171653 0.173097 0.167500 0.159934 0.167267 0.163267 0.170433 0.174800 0.174427 0.174400 0.171962 0.173533 0.171833 0.161633 0.167200 0.164267 0.172286 0.178267 0.172356 0.173817 0.167400 0.173133 0.171500
0.165833 0.163167 0.155833 0.154417 0.155167 0.159667 0.164333 0.162875 0.166062 0.163750 0.160000 0.165417 0.157100 0.147000 0.156917 0.158542 0.162500 0.166500 0.165958 0.163500 0.166312 0.159500 0.166000 0.162167 0.155667 0.160056 0.164733 0.161958 0.160611 0.163167 0.166528 0.168792 0.167778 0.163583 0.164722 0.163500 0.160583 0.159667 0.170750 0.165792 0.168633 0.169143 0.167939 0.168917 0.169067 0.167250 0.166167 0.163333 0.163000 0.162834 0.166417 0.169625 0.168762 0.170300 0.167292 0.168300 0.170910 0.171416 0.165000 0.165250 0.165333 0.168833 0.170250 0.171967 0.171389 0.168357 0.171333 0.169229 0.164583 0.167055 0.166667 0.169881 0.173889 0.167833 0.170708 0.164333 0.170111 0.170667
0.159500 0.165250 0.161083 0.150083 0.150750 0.148472 0.156083 0.156167 0.157104 0.156583 0.157083 0.160083 0.160083 0.156917 0.138500 0.147542 0.156250 0.158944 0.158333 0.157250 0.158979 0.157917 0.164750 0.161861 0.161750 0.154083 0.158350 0.154792 0.153194 0.155550 0.158611 0.161500 0.160361 0.159528 0.160083 0.159500 0.157778 0.157750 0.161458 0.156833 0.160733 0.160179 0.162689 0.160333 0.166083 0.163500 0.163417 0.159917 0.161583 0.160083 0.160750 0.164958 0.163488 0.161950 0.164458 0.164383 0.165506 0.169750 0.164083 0.164167 0.161500 0.165667 0.168167 0.167650 0.167084 0.163060 0.162958 0.166521 0.159417 0.161639 0.161528 0.164536 0.171472 0.167028 0.165833 0.161584 0.169139 0.164583
0.163417 0.168583 0.160250 0.153292 0.145667 0.139694 0.146517 0.152542 0.153500 0.152000 0.165417 0.164333 0.162083 0.158542 0.147542 0.130056 0.142917 0.149944 0.153458 0.153861 0.154813 0.155250 0.166583 0.161250 0.160250 0.156083 0.155850 0.151834 0.147028 0.152650 0.153611 0.156292 0.153333 0.163917 0.162583 0.162750 0.159528 0.155417 0.162292 0.160250 0.157683 0.156774 0.158523 0.157333 0.158983 0.163667 0.162083 0.163750 0.161250 0.156583 0.161500 0.165167 0.161179 0.161350 0.159042 0.157950 0.161327 0.163750 0.164583 0.161167 0.160333 0.164000 0.164833 0.165017 0.167306 0.161226 0.160792 0.161229 0.158917 0.161028 0.158639 0.164298 0.168917 0.164194 0.164208 0.155583 0.165583 0.163417
0.168167 0.170000 0.164833 0.155972 0.147667 0.140333 0.145267 0.147917 0.146417 0.147278 0.165000 0.173000 0.166533 0.162500 0.156250 0.142917 0.131334 0.145556 0.150111 0.149630 0.152083 0.165000 0.168889 0.164185 0.168222 0.159000 0.160244 0.152361 0.147815 0.147222 0.148963 0.149694 0.150815 0.165741 0.166074 0.165056 0.162222 0.160444 0.161111 0.160528 0.153511 0.155286 0.156232 0.152056 0.154533 0.165222 0.167000 0.163778 0.166111 0.161333 0.161889 0.165472 0.156254 0.159400 0.157722 0.156267 0.158547 0.169278 0.169889 0.165667 0.160000 0.166389 0.161334 0.162533 0.160444 0.155397 0.156667 0.158111 0.164278 0.165333 0.164889 0.167016 0.168741 0.157778 0.162361 0.155000 0.160185 0.158944
0.167222 0.170667 0.167055 0.161056 0.155556 0.150963 0.143933 0.139722 0.141736 0.142796 0.165889 0.171611 0.169667 0.166500 0.158944 0.149944 0.145556 0.131022 0.141806 0.143482 0.144056 0.164000 0.172556 0.167593 0.170000 0.164185 0.162245 0.155639 0.151481 0.145578 0.144981 0.147306 0.146241 0.168315 0.168667 0.167333 0.165278 0.163333 0.166222 0.157944 0.154244 0.151889 0.151586 0.150611 0.152244 0.170611 0.171333 0.170000 0.165611 0.162778 0.162611 0.165722 0.159317 0.159200 0.154750 0.154533 0.157427 0.174889 0.167889 0.168611 0.162778 0.167889 0.167778 0.163756 0.165370 0.159508 0.158222 0.160347 0.168667 0.164815 0.166000 0.166429 0.168778 0.162407 0.162556 0.158778 0.158778 0.154611
0.167500 0.174166 0.165667 0.163083 0.155500 0.152556 0.146167 0.137083 0.131812 0.135389 0.165833 0.170333 0.170100 0.165958 0.158333 0.153458 0.150111 0.141806 0.129667 0.134834 0.137937 0.164667 0.175000 0.169444 0.164500 0.165944 0.164400 0.157333 0.151889 0.146367 0.141778 0.141625 0.142222 0.168778 0.169778 0.167250 0.167194 0.162333 0.164250 0.156583 0.155317 0.152238 0.147848 0.143000 0.146900 0.167833 0.174333 0.172000 0.164583 0.165500 0.165167 0.164125 0.159024 0.155533 0.151750 0.151200 0.151769 0.176250 0.168167 0.171583 0.164250 0.164833 0.167333 0.162367 0.162000 0.156786 0.156208 0.154271 0.167083 0.165889 0.166611 0.167786 0.165444 0.160667 0.159000 0.152834 0.157444 0.153083
0.169833 0.170444 0.164056 0.163250 0.159555 0.151963 0.145933 0.138305 0.127861 0.120833 0.167889 0.171778 0.167200 0.163500 0.157250 0.153861 0.149630 0.143481 0.134834 0.116222 0.124028 0.160555 0.177555 0.167667 0.166222 0.167444 0.162911 0.154028 0.155445 0.145933 0.138518 0.133250 0.127519 0.167593 0.170296 0.164278 0.164519 0.158444 0.163167 0.156028 0.153600 0.149508 0.145303 0.135611 0.139911 0.169111 0.171222 0.164889 0.167444 0.161778 0.163222 0.165583 0.157238 0.156556 0.148778 0.146844 0.146769 0.174167 0.167889 0.169444 0.163000 0.165278 0.165333 0.162178 0.160296 0.156064 0.151611 0.151195 0.164722 0.164074 0.164296 0.163302 0.167556 0.159852 0.160528 0.153889 0.153222 0.150945
0.170417 0.170583 0.164208 0.163687 0.160125 0.154472 0.147050 0.140604 0.129010 0.120903 0.168083 0.170875 0.169050 0.166312 0.158979 0.154813 0.152083 0.144056 0.137938 0.124028 0.106714 0.164417 0.170917 0.168278 0.165250 0.164222 0.165100 0.156583 0.155556 0.146217 0.141347 0.137667 0.128681 0.167167 0.166278 0.165000 0.163778 0.162333 0.161354 0.155854 0.153892 0.149393 0.143356 0.136333 0.137967 0.166625 0.169917 0.163750 0.164292 0.162667 0.163250 0.163062 0.156607 0.151617 0.148792 0.145233 0.148032 0.172292 0.167667 0.163583 0.161292 0.166833 0.165292 0.160600 0.157861 0.153083 0.148167 0.149083 0.162917 0.164944 0.163861 0.165298 0.164306 0.159056 0.157688 0.151583 0.152028 0.149417
0.149166 0.140333 0.142500 0.159583 0.157334 0.164444 0.167067 0.161583 0.162417 0.161167 0.137333 0.150000 0.155800 0.159500 0.157917 0.155250 0.165000 0.164000 0.164667 0.160555 0.164417 0.000000 0.148333 0.148667 0.153667 0.161111 0.163600 0.161583 0.162667 0.167200 0.161889 0.163917 0.165000 0.142667 0.145444 0.145500 0.159889 0.166333 0.161667 0.166750 0.168933 0.165238 0.166182 0.167833 0.165533 0.149666 0.147333 0.147667 0.149334 0.159000 0.161334 0.166584 0.164905 0.167333 0.167500 0.170333 0.171154 0.157834 0.149333 0.153000 0.156000 0.161500 0.167000 0.168333 0.172556 0.165572 0.169833 0.163916 0.149500 0.160333 0.157445 0.163762 0.170333 0.165000 0.167250 0.162000 0.168889 0.163166
0.152167 0.150667 0.154834 0.165250 0.162334 0.165000 0.175400 0.173417 0.172500 0.177278 0.144333 0.159334 0.158667 0.166000 0.164750 0.166583 0.168889 0.172556 0.175000 0.177555 0.170917 0.148333 0.000000 0.157000 0.153333 0.163889 0.171533 0.170583 0.172333 0.171933 0.173556 0.177250 0.175111 0.154667 0.158000 0.156166 0.164445 0.162000 0.170167 0.171916 0.175200 0.175286 0.176636 0.172500 0.181067 0.160000 0.159000 0.164667 0.164667 0.170000 0.169666 0.171083 0.174571 0.175133 0.175500 0.175067 0.176769 0.165500 0.158333 0.161000 0.157000 0.166834 0.173000 0.174933 0.173111 0.172952 0.175666 0.176750 0.158500 0.165111 0.162889 0.173619 0.182000 0.176222 0.175584 0.163667 0.176778 0.175167
0.153056 0.154778 0.154722 0.161361 0.160667 0.160074 0.167333 0.166417 0.165389 0.165870 0.151333 0.153333 0.156378 0.162167 0.161861 0.161250 0.164185 0.167593 0.169444 0.167667 0.168278 0.148667 0.157000 0.146222 0.158333 0.161852 0.166267 0.164917 0.164296 0.166133 0.167852 0.169305 0.168667 0.157296 0.158259 0.154944 0.158926 0.163889 0.168111 0.166584 0.170089 0.170762 0.170020 0.175056 0.172867 0.153000 0.163111 0.162555 0.159555 0.163667 0.166000 0.169361 0.169698 0.174000 0.170778 0.171045 0.172111 0.163833 0.163778 0.163445 0.161000 0.168500 0.170000 0.174378 0.173296 0.173159 0.172500 0.171472 0.156500 0.161741 0.161444 0.170714 0.174852 0.171518 0.174472 0.164667 0.172593 0.175167
0.160833 0.161333 0.149833 0.157083 0.156666 0.162778 0.167134 0.167417 0.162583 0.163278 0.148333 0.158666 0.154267 0.155667 0.161750 0.160250 0.168222 0.170000 0.164500 0.166222 0.165250 0.153667 0.153333 0.158333 0.000000 0.156111 0.161400 0.160083 0.165444 0.162866 0.165889 0.165417 0.163667 0.156000 0.157778 0.157500 0.161000 0.162000 0.166666 0.163250 0.167667 0.168524 0.166455 0.162833 0.165067 0.154667 0.159667 0.164667 0.160333 0.158667 0.163334 0.164083 0.165714 0.165133 0.166166 0.165467 0.166975 0.165500 0.151000 0.157334 0.153333 0.163166 0.169666 0.168133 0.170444 0.166762 0.168000 0.165333 0.151500 0.160444 0.160667 0.167714 0.175555 0.168889 0.164250 0.157000 0.166556 0.166500
0.163834 0.169000 0.160611 0.157806 0.158222 0.159926 0.164267 0.164805 0.161639 0.161722 0.163778 0.166000 0.163400 0.160055 0.154083 0.156083 0.159000 0.164185 0.165944 0.167444 0.164222 0.161111 0.163889 0.161852 0.156111 0.146889 0.159511 0.157694 0.154741 0.162844 0.164259 0.168361 0.166741 0.161407 0.161370 0.160167 0.157852 0.158333 0.162833 0.165083 0.166933 0.164730 0.165778 0.169278 0.169311 0.162000 0.164222 0.163222 0.164111 0.161667 0.162000 0.164805 0.166143 0.166889 0.169611 0.170511 0.171274 0.167500 0.161778 0.164000 0.159778 0.166722 0.168000 0.167889 0.167000 0.168365 0.168778 0.171111 0.161278 0.165667 0.163074 0.169127 0.175667 0.167222 0.171417 0.163333 0.172963 0.170278
0.165900 0.171000 0.165500 0.162983 0.160733 0.157600 0.163627 0.163117 0.162667 0.163189 0.161867 0.167800 0.167933 0.164733 0.158350 0.155850 0.160244 0.162244 0.164400 0.162911 0.165100 0.163600 0.171533 0.166267 0.161400 0.159511 0.145067 0.154950 0.155867 0.159040 0.163822 0.166617 0.164311 0.163333 0.165800 0.160100 0.157822 0.154467 0.159000 0.159983 0.161947 0.164190 0.164121 0.163567 0.168680 0.164667 0.167867 0.164733 0.164933 0.160733 0.165200 0.164450 0.162505 0.164693 0.163533 0.164840 0.167431 0.169433 0.159467 0.164200 0.158733 0.166500 0.160933 0.165187 0.166244 0.164067 0.164433 0.166567 0.159433 0.163400 0.162689 0.163400 0.168111 0.165711 0.164017 0.158667 0.166000 0.166300
0.168000 0.170917 0.161250 0.160542 0.156417 0.154361 0.156550 0.155875 0.155896 0.154472 0.162584 0.169250 0.166583 0.161958 0.154792 0.151833 0.152361 0.155639 0.157333 0.154028 0.156583 0.161583 0.170583 0.164917 0.160083 0.157694 0.154950 0.151833 0.150806 0.154683 0.156555 0.157875 0.156000 0.165028 0.166583 0.162750 0.158389 0.158417 0.156167 0.152083 0.156017 0.158083 0.158614 0.157750 0.160450 0.167083 0.167750 0.165417 0.165666 0.158584 0.161167 0.162917 0.158869 0.157883 0.158208 0.156983 0.160327 0.169000 0.163584 0.167500 0.158917 0.161333 0.166250 0.164717 0.162972 0.159607 0.161125 0.161375 0.164500 0.165583 0.161750 0.161869 0.166250 0.161194 0.161583 0.154750 0.164972 0.160667
0.163056 0.171222 0.163056 0.158250 0.152778 0.147852 0.151200 0.151083 0.151194 0.150574 0.165111 0.166111 0.165356 0.160611 0.153194 0.147028 0.147815 0.151481 0.151889 0.155445 0.155556 0.162667 0.172333 0.164296 0.165444 0.154741 0.155867 0.150806 0.136000 0.148267 0.150667 0.155084 0.156815 0.163296 0.166111 0.162945 0.160037 0.157667 0.160778 0.152028 0.152755 0.152794 0.156808 0.155945 0.160289 0.163778 0.165111 0.169000 0.162555 0.160556 0.157556 0.162361 0.158555 0.157156 0.157222 0.160733 0.160521 0.169500 0.161778 0.163444 0.159667 0.164611 0.168111 0.162378 0.160259 0.157159 0.158278 0.160583 0.164611 0.166037 0.162407 0.165000 0.167000 0.163519 0.160195 0.152667 0.160222 0.156944
0.166167 0.168733 0.165233 0.159017 0.152933 0.149511 0.147893 0.147883 0.145333 0.145767 0.164533 0.169667 0.165800 0.163167 0.155550 0.152650 0.147222 0.145578 0.146367 0.145933 0.146217 0.167200 0.171933 0.166133 0.162866 0.162844 0.159040 0.154683 0.148267 0.135867 0.147667 0.149183 0.150022 0.163600 0.164511 0.165100 0.162600 0.160867 0.160133 0.154750 0.152347 0.150286 0.152764 0.150967 0.155853 0.166467 0.164800 0.164333 0.162533 0.158600 0.162400 0.164550 0.156943 0.154213 0.153400 0.155160 0.156026 0.170433 0.162267 0.164133 0.159067 0.164700 0.163133 0.160387 0.160689 0.155495 0.154767 0.156450 0.164100 0.162422 0.161311 0.164771 0.166600 0.159844 0.158783 0.154667 0.157156 0.155433
0.166278 0.173778 0.165278 0.163111 0.158389 0.152074 0.148489 0.143611 0.139722 0.139611 0.164333 0.170722 0.167733 0.166528 0.158611 0.153611 0.148963 0.144981 0.141778 0.138519 0.141347 0.161889 0.173556 0.167852 0.165889 0.164259 0.163822 0.156555 0.150667 0.147667 0.130578 0.143806 0.141778 0.165370 0.166741 0.167389 0.165537 0.162667 0.164361 0.156556 0.153578 0.148762 0.146737 0.144778 0.147311 0.166667 0.169111 0.166778 0.164944 0.163000 0.165444 0.163833 0.156381 0.156600 0.151278 0.147289 0.151376 0.174444 0.167333 0.165889 0.160722 0.165945 0.166333 0.161289 0.160593 0.156254 0.154278 0.154347 0.162611 0.164407 0.164593 0.165460 0.166111 0.158815 0.159500 0.155667 0.154555 0.152778
0.171083 0.175250 0.166000 0.164542 0.163417 0.155417 0.149717 0.143250 0.139333 0.138500 0.168750 0.173167 0.169650 0.168792 0.161500 0.156292 0.149694 0.147306 0.141625 0.133250 0.137667 0.163917 0.177250 0.169305 0.165417 0.168361 0.166617 0.157875 0.155084 0.149183 0.143806 0.132833 0.138972 0.172000 0.171583 0.167000 0.166055 0.164250 0.164000 0.157667 0.154600 0.148250 0.145856 0.139833 0.144317 0.170917 0.176917 0.171417 0.170000 0.163250 0.166250 0.164208 0.157655 0.155450 0.150167 0.148917 0.149776 0.179000 0.168583 0.171083 0.165000 0.168083 0.165333 0.162717 0.159194 0.154607 0.153250 0.151229 0.167583 0.171305 0.167528 0.166798 0.168417 0.160972 0.158167 0.153917 0.149917 0.151667
0.169167 0.172333 0.163055 0.162056 0.161000 0.153519 0.148133 0.143722 0.135139 0.130667 0.169222 0.173333 0.169444 0.167778 0.160361 0.153333 0.150815 0.146241 0.142222 0.127519 0.128681 0.165000 0.175111 0.168667 0.163667 0.166741 0.164311 0.156000 0.156815 0.150022 0.141778 0.138972 0.118711 0.168889 0.168407 0.165389 0.163445 0.161889 0.162361 0.156056 0.153044 0.146651 0.143606 0.132833 0.134422 0.167333 0.173444 0.166889 0.163944 0.162555 0.162056 0.163472 0.156302 0.151178 0.144556 0.143511 0.145880 0.175833 0.167444 0.166333 0.160500 0.165222 0.165500 0.161689 0.156704 0.150444 0.148944 0.148083 0.165611 0.166445 0.164407 0.163937 0.166852 0.158963 0.156833 0.149334 0.146889 0.146611
0.156000 0.155222 0.157000 0.163167 0.162000 0.164000 0.168111 0.166667 0.166819 0.166333 0.149111 0.155778 0.158711 0.163583 0.159528 0.163917 0.165741 0.168315 0.168778 0.167593 0.167167 0.142667 0.154667 0.157296 0.156000 0.161407 0.163333 0.165028 0.163296 0.163600 0.165370 0.172000 0.168889 0.133111 0.149444 0.154722 0.157926 0.153889 0.163778 0.164250 0.168289 0.168841 0.168232 0.168111 0.171289 0.150889 0.146222 0.150556 0.155945 0.152445 0.165389 0.167583 0.166905 0.167556 0.168222 0.170044 0.169692 0.157889 0.157556 0.158000 0.154222 0.166833 0.165611 0.169778 0.166926 0.166190 0.170333 0.168944 0.153778 0.159370 0.161963 0.166968 0.174963 0.167852 0.168444 0.167667 0.167741 0.165444
0.156722 0.158444 0.154055 0.163139 0.164556 0.164556 0.169667 0.168917 0.168250 0.167796 0.153667 0.155111 0.161822 0.164722 0.160083 0.162583 0.166074 0.168667 0.169778 0.170296 0.166278 0.145444 0.158000 0.158259 0.157778 0.161370 0.165800 0.166583 0.166111 0.164511 0.166741 0.171583 0.168407 0.149444 0.145778 0.154833 0.157111 0.157555 0.163278 0.167694 0.170622 0.170206 0.169444 0.171055 0.170489 0.150889 0.151222 0.153556 0.152000 0.160667 0.161889 0.168528 0.169619 0.170467 0.170389 0.169422 0.170479 0.156389 0.149889 0.153778 0.153555 0.166944 0.170444 0.169022 0.168370 0.168317 0.168722 0.168528 0.153389 0.156889 0.160074 0.166476 0.175556 0.169556 0.169305 0.164555 0.172481 0.166944
0.156500 0.160500 0.159167 0.160917 0.161167 0.160833 0.166633 0.161833 0.164958 0.163722 0.150834 0.162834 0.161700 0.163500 0.159500 0.162750 0.165056 0.167333 0.167250 0.164278 0.165000 0.145500 0.156166 0.154944 0.157500 0.160167 0.160100 0.162750 0.162945 0.165100 0.167389 0.167000 0.165389 0.154722 0.154833 0.135667 0.155222 0.157500 0.162667 0.163667 0.168433 0.167262 0.168015 0.166166 0.167567 0.158500 0.150167 0.156833 0.158500 0.152833 0.164500 0.169083 0.166690 0.166433 0.167750 0.171233 0.169192 0.166667 0.154500 0.160167 0.153833 0.164500 0.166834 0.166767 0.167722 0.166738 0.169500 0.169250 0.155500 0.159611 0.156389 0.161833 0.172278 0.168722 0.172167 0.164166 0.169611 0.166333
0.159833 0.161445 0.159445 0.160361 0.162333 0.161407 0.164978 0.166000 0.164556 0.163074 0.159222 0.162444 0.162467 0.160583 0.157778 0.159528 0.162222 0.165278 0.167194 0.164519 0.163778 0.159889 0.164445 0.158926 0.161000 0.157852 0.157822 0.158389 0.160037 0.162600 0.165537 0.166055 0.163445 0.157926 0.157111 0.155222 0.146489 0.154667 0.160417 0.161917 0.166100 0.165460 0.165970 0.164222 0.166600 0.160389 0.162333 0.156333 0.154389 0.156667 0.162444 0.165694 0.163762 0.165911 0.165194 0.167444 0.167256 0.164278 0.155222 0.159167 0.154000 0.165555 0.163222 0.166089 0.164815 0.164111 0.168472 0.167333 0.156722 0.160185 0.158852 0.164587 0.170741 0.166778 0.166222 0.159333 0.169074 0.165278
0.163167 0.162667 0.158834 0.161917 0.160000 0.158556 0.162333 0.161250 0.158250 0.160167 0.155000 0.162000 0.158533 0.159667 0.157750 0.155417 0.160444 0.163333 0.162333 0.158444 0.162333 0.166333 0.162000 0.163889 0.162000 0.158333 0.154467 0.158417 0.157667 0.160867 0.162667 0.164250 0.161889 0.153889 0.157555 0.157500 0.154667 0.000000 0.152667 0.156084 0.161733 0.159857 0.162515 0.160166 0.166000 0.163334 0.153667 0.162667 0.154667 0.148667 0.155333 0.159083 0.160572 0.158333 0.161333 0.161067 0.160359 0.169833 0.158333 0.151334 0.145333 0.158167 0.162000 0.155867 0.159556 0.155714 0.158833 0.162083 0.163167 0.152222 0.150667 0.158476 0.165333 0.157111 0.156750 0.155667 0.163000 0.157167
0.168583 0.170166 0.167667 0.169250 0.168083 0.163056 0.162833 0.165750 0.162729 0.160750 0.164833 0.169833 0.170367 0.170750 0.161458 0.162292 0.161111 0.166222 0.164250 0.163167 0.161354 0.161667 0.170167 0.168111 0.166666 0.162833 0.159000 0.156167 0.160778 0.160133 0.164361 0.164000 0.162361 0.163778 0.163278 0.162667 0.160417 0.152667 0.142000 0.152750 0.160517 0.161500 0.163939 0.158917 0.163733 0.164750 0.167000 0.164667 0.162916 0.156000 0.153833 0.157667 0.160262 0.162900 0.162958 0.163833 0.164949 0.170250 0.163333 0.165500 0.160333 0.161417 0.160833 0.162000 0.160111 0.162405 0.164750 0.164333 0.162250 0.160278 0.162000 0.161167 0.167889 0.162611 0.163625 0.159167 0.168111 0.164917
0.168583 0.174916 0.166917 0.165667 0.164000 0.160472 0.160417 0.157958 0.156250 0.154639 0.165583 0.170000 0.167217 0.165792 0.156833 0.160250 0.160528 0.157944 0.156583 0.156028 0.155854 0.166750 0.171916 0.166583 0.163250 0.165083 0.159983 0.152083 0.152028 0.154750 0.156556 0.157667 0.156056 0.164250 0.167694 0.163667 0.161917 0.156084 0.152750 0.140500 0.153167 0.154441 0.155523 0.154417 0.158217 0.169250 0.168417 0.163750 0.165000 0.157917 0.159500 0.157458 0.155583 0.153350 0.157083 0.155317 0.159506 0.174500 0.161583 0.166167 0.156417 0.159667 0.163500 0.159817 0.161806 0.157107 0.159875 0.159854 0.162917 0.163583 0.159250 0.161940 0.164361 0.160528 0.159792 0.157250 0.162139 0.156417
0.170167 0.173867 0.167233 0.164083 0.161067 0.156511 0.156133 0.154067 0.153258 0.152211 0.167400 0.173266 0.168093 0.168633 0.160733 0.157683 0.153511 0.154244 0.155317 0.153600 0.153892 0.168933 0.175200 0.170089 0.167667 0.166933 0.161947 0.156017 0.152755 0.152347 0.153578 0.154600 0.153044 0.168289 0.170622 0.168433 0.166100 0.161733 0.160517 0.153167 0.147022 0.151219 0.152418 0.153600 0.155333 0.168700 0.168467 0.169000 0.166367 0.161400 0.163000 0.161300 0.153962 0.152227 0.153983 0.154040 0.156918 0.171967 0.165133 0.169900 0.161400 0.168633 0.164967 0.161680 0.158800 0.156067 0.155750 0.156658 0.167567 0.166689 0.165978 0.165800 0.165000 0.158444 0.160467 0.156200 0.158267 0.154600
0.169357 0.172905 0.166167 0.164488 0.160810 0.156222 0.154381 0.153964 0.150107 0.148056 0.166952 0.170190 0.170810 0.169143 0.160179 0.156774 0.155286 0.151889 0.152238 0.149508 0.149393 0.165238 0.175286 0.170762 0.168524 0.164730 0.164190 0.158083 0.152794 0.150286 0.148762 0.148250 0.146651 0.168841 0.170206 0.167262 0.165460 0.159857 0.161500 0.154441 0.151219 0.137683 0.144537 0.144024 0.148238 0.169571 0.173333 0.169762 0.166762 0.163095 0.162524 0.160821 0.155544 0.148267 0.146714 0.146809 0.149366 0.174024 0.163810 0.168238 0.161476 0.164024 0.163952 0.160257 0.156746 0.149898 0.149619 0.151250 0.166976 0.163921 0.165254 0.163163 0.165698 0.154587 0.154345 0.151143 0.150159 0.149024
0.171470 0.172515 0.167621 0.167038 0.163788 0.159111 0.152861 0.150856 0.147841 0.145116 0.167939 0.171394 0.170770 0.167939 0.162689 0.158523 0.156232 0.151586 0.147848 0.145303 0.143356 0.166182 0.176636 0.170020 0.166455 0.165778 0.164121 0.158614 0.156808 0.152764 0.146737 0.145856 0.143606 0.168232 0.169444 0.168015 0.165970 0.162515 0.163939 0.155523 0.152418 0.144537 0.138133 0.142227 0.143121 0.171818 0.173879 0.169849 0.167576 0.163667 0.162727 0.161932 0.156827 0.151042 0.143258 0.142527 0.144026 0.175076 0.168667 0.168273 0.162364 0.164136 0.166061 0.161133 0.156960 0.149840 0.147152 0.147667 0.167379 0.168960 0.165061 0.165814 0.166030 0.156071 0.154780 0.149273 0.147697 0.148591
0.170666 0.177500 0.168000 0.162500 0.162667 0.157611 0.152167 0.147667 0.140542 0.138056 0.169166 0.172667 0.171833 0.168917 0.160333 0.157333 0.152055 0.150611 0.143000 0.135611 0.136333 0.167833 0.172500 0.175056 0.162833 0.169278 0.163567 0.157750 0.155945 0.150967 0.144778 0.139833 0.132833 0.168111 0.171055 0.166166 0.164222 0.160166 0.158917 0.154417 0.153600 0.144024 0.142227 0.128333 0.136233 0.170667 0.173167 0.166500 0.164667 0.161500 0.163833 0.160333 0.157929 0.151233 0.145166 0.144100 0.144064 0.173333 0.169167 0.168500 0.165667 0.162167 0.164833 0.159300 0.157722 0.152691 0.149333 0.148583 0.163500 0.166167 0.165833 0.164548 0.165611 0.157167 0.157500 0.146500 0.147833 0.144500
0.170967 0.172933 0.166233 0.167517 0.165467 0.158556 0.152467 0.150117 0.141867 0.138167 0.172467 0.174400 0.173040 0.169067 0.166083 0.158983 0.154533 0.152244 0.146900 0.139911 0.137967 0.165533 0.181067 0.172867 0.165067 0.169311 0.168680 0.160450 0.160289 0.155853 0.147311 0.144317 0.134422 0.171289 0.170489 0.167567 0.166600 0.166000 0.163733 0.158217 0.155333 0.148238 0.143121 0.136233 0.118200 0.172733 0.175400 0.169867 0.170133 0.162533 0.165667 0.162550 0.157467 0.155053 0.146633 0.142187 0.141979 0.175700 0.169667 0.172000 0.165000 0.164234 0.166533 0.161813 0.159867 0.153333 0.149467 0.147900 0.165300 0.166400 0.166844 0.164686 0.165067 0.156444 0.156850 0.151400 0.145489 0.146233
0.154500 0.160000 0.159333 0.162750 0.168000 0.163111 0.170067 0.170083 0.168167 0.167778 0.150334 0.163334 0.162333 0.167250 0.163500 0.163667 0.165222 0.170611 0.167833 0.169111 0.166625 0.149666 0.160000 0.153000 0.154667 0.162000 0.164667 0.167083 0.163778 0.166467 0.166667 0.170917 0.167333 0.150889 0.150889 0.158500 0.160389 0.163334 0.164750 0.169250 0.168700 0.169571 0.171818 0.170667 0.172733 0.126000 0.137333 0.146000 0.152000 0.158667 0.163834 0.168000 0.167572 0.169800 0.173833 0.172267 0.172462 0.140666 0.146666 0.153500 0.155666 0.166000 0.161334 0.167600 0.173222 0.168905 0.169333 0.171333 0.142167 0.154111 0.160889 0.167381 0.175000 0.170444 0.168750 0.164667 0.175444 0.169833
0.157500 0.158333 0.165500 0.166583 0.167333 0.160445 0.171867 0.169083 0.169750 0.168500 0.165333 0.168000 0.164467 0.166167 0.163417 0.162083 0.167000 0.171333 0.174333 0.171222 0.169917 0.147333 0.159000 0.163111 0.159667 0.164222 0.167867 0.167750 0.165111 0.164800 0.169111 0.176917 0.173444 0.146222 0.151222 0.150167 0.162333 0.153667 0.167000 0.168417 0.168467 0.173333 0.173879 0.173167 0.175400 0.137333 0.000000 0.136333 0.153000 0.159667 0.167666 0.168250 0.166905 0.166667 0.170167 0.171267 0.172538 0.139167 0.139333 0.152000 0.156000 0.159166 0.171333 0.170867 0.172111 0.165762 0.171833 0.171916 0.145166 0.146778 0.157667 0.165286 0.175000 0.167222 0.170250 0.159333 0.174000 0.168500
0.154500 0.166667 0.161500 0.163417 0.164666 0.163889 0.167667 0.167917 0.167917 0.165500 0.153667 0.165000 0.163200 0.163333 0.159917 0.163750 0.163778 0.170000 0.172000 0.164889 0.163750 0.147667 0.164667 0.162555 0.164667 0.163222 0.164733 0.165417 0.169000 0.164333 0.166778 0.171417 0.166889 0.150556 0.153556 0.156833 0.156333 0.162667 0.164667 0.163750 0.169000 0.169762 0.169849 0.166500 0.169867 0.146000 0.136333 0.000000 0.154334 0.148667 0.162000 0.164583 0.165810 0.170067 0.168667 0.171467 0.173077 0.153166 0.149000 0.150000 0.149334 0.162500 0.159666 0.167733 0.166889 0.167524 0.175333 0.170333 0.144500 0.150000 0.156667 0.164857 0.166889 0.164222 0.168917 0.160333 0.173222 0.164833
0.159334 0.166000 0.161500 0.162167 0.166333 0.159556 0.163800 0.166666 0.164625 0.162778 0.157334 0.162500 0.159933 0.163000 0.161583 0.161250 0.166111 0.165611 0.164583 0.167444 0.164292 0.149334 0.164667 0.159555 0.160333 0.164111 0.164933 0.165666 0.162555 0.162533 0.164944 0.170000 0.163944 0.155944 0.152000 0.158500 0.154389 0.154667 0.162917 0.165000 0.166367 0.166762 0.167576 0.164667 0.170133 0.152000 0.153000 0.154334 0.143333 0.155334 0.159000 0.167917 0.169428 0.164733 0.169500 0.169933 0.171359 0.155500 0.149666 0.152167 0.148166 0.156667 0.166500 0.166133 0.167778 0.168905 0.170583 0.169917 0.147500 0.149889 0.148889 0.162238 0.170778 0.168556 0.169083 0.162333 0.172111 0.166167
0.162166 0.166000 0.161834 0.160583 0.157666 0.155667 0.162467 0.161583 0.163250 0.159611 0.165000 0.160666 0.165733 0.162834 0.160083 0.156583 0.161333 0.162778 0.165500 0.161778 0.162667 0.159000 0.170000 0.163667 0.158667 0.161667 0.160733 0.158584 0.160556 0.158600 0.163000 0.163250 0.162555 0.152445 0.160667 0.152833 0.156667 0.148667 0.156000 0.157917 0.161400 0.163095 0.163667 0.161500 0.162533 0.158667 0.159667 0.148667 0.155334 0.000000 0.154334 0.161583 0.162381 0.159800 0.160834 0.162533 0.162923 0.164834 0.153000 0.154334 0.141333 0.148500 0.155000 0.162533 0.168667 0.163333 0.164834 0.167083 0.153166 0.153111 0.147111 0.158952 0.164667 0.162000 0.163750 0.152333 0.166556 0.164834
0.161000 0.170667 0.167167 0.169250 0.163834 0.161889 0.163667 0.164000 0.162042 0.160111 0.165666 0.166833 0.171000 0.166417 0.160750 0.161500 0.161889 0.162611 0.165167 0.163222 0.163250 0.161334 0.169666 0.166000 0.163334 0.162000 0.165200 0.161167 0.157556 0.162400 0.165444 0.166250 0.162056 0.165389 0.161889 0.164500 0.162444 0.155333 0.153833 0.159500 0.163000 0.162524 0.162727 0.163833 0.165667 0.163834 0.167666 0.162000 0.159000 0.154334 0.148667 0.155000 0.160095 0.163267 0.162333 0.160933 0.165000 0.168500 0.161000 0.160334 0.157834 0.157166 0.159667 0.159133 0.162111 0.164429 0.165750 0.164458 0.158833 0.160000 0.156222 0.158809 0.167222 0.162333 0.164500 0.158000 0.168667 0.162667
0.165583 0.175584 0.168500 0.170042 0.167500 0.163583 0.164883 0.165750 0.163229 0.161556 0.167083 0.172917 0.172750 0.169625 0.164958 0.165167 0.165472 0.165722 0.164125 0.165583 0.163062 0.166584 0.171083 0.169361 0.164083 0.164806 0.164450 0.162917 0.162361 0.164550 0.163833 0.164208 0.163472 0.167583 0.168528 0.169083 0.165694 0.159083 0.157667 0.157458 0.161300 0.160821 0.161932 0.160333 0.162550 0.168000 0.168250 0.164583 0.167917 0.161583 0.155000 0.147944 0.156559 0.160517 0.162167 0.160583 0.165096 0.172583 0.162750 0.169916 0.162167 0.161750 0.157500 0.158083 0.162194 0.160060 0.160708 0.161687 0.165750 0.164972 0.162250 0.162131 0.162250 0.158250 0.161583 0.152084 0.161472 0.159000
0.167929 0.175714 0.169024 0.166417 0.162667 0.159032 0.160486 0.160226 0.157691 0.154230 0.166333 0.173905 0.171105 0.168762 0.163488 0.161179 0.156254 0.159317 0.159024 0.157238 0.156607 0.164905 0.174571 0.169698 0.165714 0.166143 0.162505 0.158869 0.158555 0.156943 0.156381 0.157655 0.156302 0.166905 0.169619 0.166690 0.163762 0.160572 0.160262 0.155583 0.153962 0.155544 0.156827 0.157929 0.157467 0.167572 0.166905 0.165810 0.169428 0.162381 0.160095 0.156559 0.143809 0.151438 0.154810 0.157010 0.160110 0.173690 0.166238 0.167000 0.160619 0.164643 0.156857 0.155810 0.153143 0.152735 0.158905 0.157345 0.165119 0.163651 0.162540 0.160000 0.162476 0.154286 0.155679 0.156905 0.157794 0.156214
0.167633 0.173800 0.166100 0.166850 0.161067 0.158267 0.159120 0.158817 0.155750 0.153056 0.168000 0.172067 0.169587 0.170300 0.161950 0.161350 0.159400 0.159200 0.155533 0.156556 0.151617 0.167333 0.175133 0.174000 0.165133 0.166889 0.164693 0.157883 0.157156 0.154213 0.156600 0.155450 0.151178 0.167556 0.170467 0.166434 0.165911 0.158333 0.162900 0.153350 0.152227 0.148267 0.151042 0.151233 0.155053 0.169800 0.166667 0.170067 0.164733 0.159800 0.163267 0.160517 0.151438 0.139267 0.147567 0.147507 0.153441 0.174567 0.163867 0.168200 0.161867 0.165700 0.160600 0.155320 0.150422 0.146657 0.150767 0.150433 0.166500 0.163933 0.162600 0.162714 0.164022 0.153444 0.150883 0.146533 0.151022 0.149700
0.169167 0.174000 0.165417 0.166208 0.163000 0.159389 0.154867 0.154625 0.152333 0.148472 0.168500 0.172500 0.170933 0.167292 0.164458 0.159042 0.157722 0.154750 0.151750 0.148778 0.148792 0.167500 0.175500 0.170778 0.166166 0.169611 0.163533 0.158208 0.157222 0.153400 0.151278 0.150167 0.144556 0.168222 0.170389 0.167750 0.165194 0.161333 0.162958 0.157083 0.153983 0.146714 0.143258 0.145166 0.146633 0.173833 0.170167 0.168667 0.169500 0.160834 0.162333 0.162167 0.154810 0.147567 0.132889 0.140467 0.145423 0.175583 0.164500 0.171417 0.163083 0.163333 0.163750 0.158433 0.151389 0.145881 0.145417 0.143250 0.169833 0.167889 0.163778 0.163571 0.162889 0.153222 0.150375 0.145833 0.143222 0.142000
0.170500 0.173733 0.165300 0.169783 0.163467 0.158067 0.155320 0.154683 0.150467 0.145433 0.167133 0.172800 0.171653 0.168300 0.164383 0.157950 0.156267 0.154533 0.151200 0.146844 0.145233 0.170333 0.175067 0.171045 0.165467 0.170511 0.164840 0.156983 0.160733 0.155160 0.147289 0.148917 0.143511 0.170044 0.169422 0.171233 0.167444 0.161067 0.163833 0.155317 0.154040 0.146809 0.142527 0.144100 0.142187 0.172267 0.171267 0.171467 0.169933 0.162533 0.160933 0.160583 0.157010 0.147507 0.140467 0.125800 0.136287 0.175500 0.167400 0.168800 0.163333 0.162500 0.162133 0.157920 0.154089 0.146971 0.139033 0.138000 0.166700 0.166756 0.163467 0.163638 0.163867 0.151822 0.150883 0.144867 0.138467 0.136833
