0.123497 0.142556 0.152282 0.163224 0.170989 0.171411 0.175021 0.176704 0.174724 0.179136 0.136231 0.152860 0.158186 0.162768 0.164687 0.169276 0.172167 0.173366 0.176992 0.173370 0.179505 0.144257 0.154123 0.157326 0.161135 0.165048 0.168545 0.171538 0.171017 0.174016 0.174982 0.177588 0.175413 0.154230 0.158696 0.160956 0.163798 0.166554 0.170384 0.173100 0.176319 0.175557 0.178834 0.179093 0.181000 0.159867 0.157267 0.160061 0.163581 0.165610 0.169633 0.172642 0.175389 0.176922 0.176293 0.177934 0.182764 0.162182 0.159677 0.161768 0.162358 0.167476 0.172914 0.175508 0.177413 0.176201 0.178057 0.179227 0.162014 0.164351 0.166248 0.169632 0.178764 0.174596 0.177705 0.178348 0.175422 0.181338
0.142556 0.000000 0.147344 0.160815 0.169081 0.169596 0.173259 0.174971 0.173007 0.177426 0.139157 0.150008 0.155415 0.160410 0.162607 0.167454 0.170400 0.171632 0.175275 0.171662 0.177800 0.147715 0.154464 0.155871 0.159280 0.163174 0.166722 0.169764 0.169276 0.172297 0.173275 0.175888 0.173716 0.155239 0.158386 0.159836 0.162325 0.164947 0.168727 0.171425 0.174637 0.173872 0.177148 0.177407 0.179314 0.160739 0.157414 0.159527 0.162551 0.164286 0.168147 0.171068 0.173767 0.175273 0.174629 0.176262 0.181089 0.162455 0.159472 0.161094 0.161314 0.166181 0.171461 0.173959 0.175809 0.174563 0.176402 0.177562 0.161588 0.163536 0.165125 0.168295 0.177289 0.173036 0.176095 0.176708 0.173767 0.179676
0.152282 0.147344 0.134489 0.156610 0.166106 0.166828 0.170606 0.172382 0.170453 0.174886 0.146056 0.151254 0.151286 0.156552 0.159279 0.164675 0.167739 0.169040 0.172721 0.169126 0.175270 0.152178 0.156861 0.155312 0.156908 0.160424 0.163984 0.167099 0.166675 0.169738 0.170742 0.173370 0.171204 0.157225 0.158922 0.158905 0.160472 0.162698 0.166327 0.168970 0.172161 0.171388 0.174661 0.174919 0.176825 0.162210 0.158144 0.159330 0.161475 0.162598 0.166101 0.168826 0.171417 0.172865 0.172188 0.173804 0.178624 0.163201 0.159611 0.160526 0.160107 0.164496 0.169460 0.171762 0.173493 0.172179 0.173978 0.175119 0.161360 0.162694 0.163747 0.166516 0.175238 0.170812 0.173766 0.174318 0.171343 0.177237
0.163224 0.160815 0.156610 0.135643 0.157130 0.159177 0.163622 0.165752 0.164006 0.168518 0.156155 0.161937 0.157006 0.151826 0.149701 0.157059 0.160739 0.162400 0.166280 0.162785 0.168958 0.160096 0.164222 0.160419 0.157322 0.156133 0.157551 0.160365 0.160074 0.163303 0.164423 0.167118 0.164983 0.162783 0.163184 0.160710 0.159165 0.158869 0.161126 0.163202 0.166182 0.165331 0.168575 0.168822 0.170726 0.166616 0.161737 0.161480 0.161571 0.160578 0.162421 0.164087 0.166076 0.167193 0.166340 0.167863 0.172643 0.166503 0.161923 0.161374 0.159239 0.162006 0.165687 0.167099 0.168265 0.166608 0.168211 0.169252 0.162784 0.162653 0.162151 0.163534 0.171176 0.165996 0.168461 0.168714 0.165572 0.171392
0.170989 0.169081 0.166106 0.157130 0.135721 0.146729 0.154285 0.157772 0.156662 0.161434 0.163814 0.170075 0.166063 0.161876 0.154959 0.147103 0.151807 0.154493 0.158981 0.155791 0.162056 0.167130 0.171338 0.167594 0.164177 0.160878 0.157620 0.155771 0.153396 0.156351 0.157596 0.160431 0.158370 0.169089 0.169298 0.166264 0.163332 0.160497 0.159628 0.159191 0.160809 0.159395 0.162426 0.162598 0.164483 0.172348 0.167224 0.166435 0.165478 0.162797 0.162467 0.161969 0.162280 0.162334 0.160885 0.162101 0.166753 0.171730 0.166682 0.165291 0.161866 0.162956 0.164805 0.164544 0.164411 0.161867 0.162929 0.163684 0.166935 0.165752 0.163828 0.163564 0.169558 0.162953 0.164334 0.163850 0.160265 0.165882
0.171411 0.169596 0.166828 0.159177 0.146729 0.129342 0.143709 0.149406 0.149175 0.154279 0.164219 0.170583 0.166782 0.162978 0.156673 0.144019 0.143433 0.146522 0.151613 0.148758 0.155127 0.167409 0.171648 0.167960 0.164625 0.161365 0.157779 0.154164 0.148899 0.150062 0.150955 0.153803 0.151788 0.169220 0.169412 0.166319 0.163226 0.159972 0.158141 0.156147 0.156203 0.153825 0.156442 0.156463 0.158310 0.172342 0.167172 0.166281 0.165109 0.162029 0.161014 0.159508 0.158662 0.157717 0.155602 0.156456 0.160953 0.171606 0.166448 0.164848 0.161066 0.161601 0.162682 0.161508 0.160470 0.157185 0.157736 0.158207 0.166535 0.165050 0.162660 0.161750 0.166947 0.159496 0.160105 0.159015 0.155033 0.160456
0.175021 0.173259 0.170606 0.163622 0.154285 0.143709 0.129342 0.141837 0.143746 0.149566 0.167820 0.174244 0.170565 0.166988 0.161079 0.149476 0.143549 0.141202 0.146670 0.144334 0.150879 0.170938 0.175197 0.171546 0.168278 0.165108 0.161565 0.157617 0.150552 0.148740 0.147799 0.150262 0.148217 0.172662 0.172847 0.169732 0.166576 0.163158 0.160906 0.157936 0.156404 0.152439 0.154085 0.153706 0.155451 0.175701 0.170505 0.169556 0.168264 0.164961 0.163540 0.161343 0.159481 0.157372 0.154268 0.154492 0.158706 0.174893 0.169669 0.167941 0.163933 0.164101 0.164622 0.162678 0.160731 0.156557 0.156407 0.156450 0.169650 0.167971 0.165265 0.163881 0.168428 0.160187 0.159966 0.158138 0.153619 0.158766
0.176704 0.174971 0.172382 0.165752 0.157772 0.149406 0.141837 0.125399 0.133916 0.141535 0.169498 0.175956 0.172347 0.168899 0.163218 0.152621 0.147105 0.139304 0.139249 0.137127 0.143910 0.172573 0.176845 0.173218 0.169994 0.166892 0.163437 0.159523 0.152096 0.148442 0.144511 0.145102 0.142628 0.174248 0.174431 0.171307 0.168126 0.164644 0.162227 0.158830 0.156318 0.150771 0.150854 0.149558 0.151044 0.177239 0.172028 0.171046 0.169689 0.166263 0.164620 0.162022 0.159479 0.156378 0.152158 0.151479 0.155222 0.176388 0.171126 0.169322 0.165181 0.165123 0.165284 0.162795 0.160110 0.155080 0.154132 0.153622 0.171043 0.169247 0.166343 0.164648 0.168734 0.159872 0.158911 0.156332 0.151203 0.156010
0.174724 0.173007 0.170453 0.164006 0.156662 0.149175 0.143746 0.133916 0.113151 0.126659 0.167516 0.173992 0.170421 0.167042 0.161483 0.151463 0.146520 0.139040 0.133357 0.125431 0.132014 0.170569 0.174847 0.171233 0.168034 0.164975 0.161584 0.157744 0.150325 0.146280 0.140475 0.138035 0.133718 0.172216 0.172399 0.169272 0.166080 0.162574 0.160095 0.156535 0.153604 0.147101 0.145659 0.142942 0.143873 0.175181 0.169963 0.168964 0.167572 0.164082 0.162324 0.159518 0.156603 0.152872 0.147748 0.146113 0.149236 0.174308 0.169024 0.167179 0.162965 0.162782 0.162735 0.159919 0.156747 0.151072 0.149418 0.148344 0.168907 0.167045 0.164029 0.162152 0.165957 0.156686 0.155188 0.151999 0.146317 0.150791
0.179136 0.177426 0.174886 0.168518 0.161434 0.154279 0.149566 0.141535 0.126659 0.109086 0.171926 0.178411 0.174856 0.171507 0.166001 0.156233 0.151568 0.144503 0.138858 0.124889 0.125630 0.174970 0.179251 0.175643 0.172456 0.169416 0.166055 0.162259 0.154882 0.150804 0.144570 0.140287 0.133369 0.176606 0.176789 0.173659 0.170464 0.166950 0.164450 0.160836 0.157764 0.150898 0.148642 0.144762 0.145086 0.179559 0.174337 0.173331 0.171924 0.168407 0.166600 0.163707 0.160633 0.156618 0.151023 0.148769 0.151407 0.178675 0.173383 0.171520 0.167272 0.167034 0.166895 0.163928 0.160522 0.154511 0.152446 0.151003 0.173250 0.171359 0.168293 0.166334 0.170007 0.160538 0.158764 0.155235 0.149220 0.153481
0.136231 0.139157 0.146056 0.156155 0.163814 0.164219 0.167820 0.169498 0.167516 0.171926 0.000000 0.145321 0.151095 0.155660 0.157537 0.162084 0.164966 0.166160 0.169783 0.166159 0.172294 0.137192 0.145735 0.149781 0.153863 0.157840 0.161345 0.164336 0.163811 0.166807 0.167771 0.170377 0.168201 0.146802 0.151102 0.153552 0.156509 0.159312 0.163160 0.165883 0.169104 0.168343 0.171620 0.171880 0.173786 0.152702 0.149906 0.152672 0.156251 0.158330 0.162383 0.165408 0.168164 0.169702 0.169076 0.170718 0.175549 0.154922 0.152356 0.154443 0.155059 0.160205 0.165665 0.168272 0.170187 0.168979 0.170839 0.172010 0.154706 0.157047 0.158964 0.162370 0.171519 0.167363 0.170479 0.171126 0.168204 0.174121
0.152860 0.150008 0.151254 0.161937 0.170075 0.170583 0.174244 0.175956 0.173992 0.178411 0.145321 0.145264 0.155764 0.161327 0.163585 0.168438 0.171385 0.172616 0.176260 0.172646 0.178785 0.151828 0.155756 0.155714 0.159869 0.164044 0.167673 0.170738 0.170258 0.173280 0.174259 0.176873 0.174701 0.157321 0.159460 0.160576 0.163172 0.165876 0.169692 0.172404 0.175620 0.174857 0.178133 0.178392 0.180299 0.162800 0.158969 0.160686 0.163545 0.165257 0.169123 0.172050 0.174751 0.176258 0.175615 0.177247 0.182074 0.164146 0.160880 0.162279 0.162379 0.167196 0.172458 0.174949 0.176796 0.175550 0.177388 0.178548 0.162911 0.164697 0.166190 0.169314 0.178288 0.174027 0.177082 0.177694 0.174752 0.180661
0.158186 0.155415 0.151286 0.157006 0.166063 0.166782 0.170565 0.172347 0.170421 0.174856 0.151095 0.155764 0.145239 0.155725 0.159092 0.164617 0.167695 0.169003 0.172689 0.169097 0.175241 0.155826 0.159701 0.155544 0.155675 0.159955 0.163811 0.167020 0.166627 0.169702 0.170712 0.173342 0.171177 0.159468 0.160182 0.159085 0.160248 0.162554 0.166254 0.168928 0.172131 0.171362 0.174636 0.174895 0.176801 0.164080 0.159557 0.160139 0.161776 0.162667 0.166111 0.168820 0.171405 0.172849 0.172170 0.173784 0.178603 0.164630 0.160670 0.161177 0.160439 0.164646 0.169522 0.171782 0.173494 0.172169 0.173963 0.175101 0.162220 0.163229 0.164036 0.166656 0.175298 0.170833 0.173766 0.174308 0.171328 0.177220
0.162768 0.160410 0.156552 0.151826 0.161876 0.162978 0.166988 0.168899 0.167042 0.171507 0.155660 0.161327 0.155725 0.145241 0.153621 0.160773 0.164099 0.165548 0.169312 0.165758 0.171914 0.159629 0.163658 0.159558 0.155679 0.155934 0.159927 0.163380 0.163143 0.166314 0.167377 0.170037 0.167885 0.162370 0.162702 0.160163 0.159053 0.159903 0.163190 0.165745 0.168910 0.168127 0.171395 0.171652 0.173557 0.166331 0.161468 0.161284 0.161648 0.161242 0.163826 0.166091 0.168447 0.169768 0.169023 0.170602 0.175406 0.166320 0.161838 0.161507 0.159762 0.163061 0.167287 0.169138 0.170606 0.169138 0.170853 0.171950 0.162871 0.163043 0.162972 0.164847 0.172949 0.168133 0.170851 0.171266 0.168216 0.174078
0.164687 0.162607 0.159279 0.149701 0.154959 0.156673 0.161079 0.163218 0.161483 0.166001 0.157537 0.163585 0.159092 0.153621 0.140975 0.154341 0.158150 0.159854 0.163755 0.160270 0.166446 0.161101 0.165232 0.161329 0.157580 0.153818 0.153777 0.157389 0.157409 0.160742 0.161899 0.164609 0.162479 0.163356 0.163584 0.160639 0.158062 0.156627 0.158455 0.160599 0.163646 0.162826 0.166080 0.166331 0.168235 0.166900 0.161869 0.161291 0.160804 0.159082 0.160347 0.161743 0.163649 0.164740 0.163874 0.165390 0.170167 0.166529 0.161711 0.160766 0.158110 0.160359 0.163654 0.164845 0.165899 0.164187 0.165763 0.166791 0.162316 0.161764 0.160789 0.161752 0.169090 0.163726 0.166091 0.166293 0.163125 0.168934
0.169276 0.167454 0.164675 0.157059 0.147103 0.144019 0.149476 0.152621 0.151463 0.156233 0.162084 0.168438 0.164617 0.160773 0.154341 0.135577 0.145720 0.149126 0.153740 0.150584 0.156859 0.165285 0.169518 0.165816 0.162446 0.159083 0.155182 0.150749 0.146924 0.150711 0.152278 0.155216 0.153186 0.167109 0.167297 0.164194 0.161071 0.157749 0.155847 0.154276 0.155475 0.154138 0.157241 0.157444 0.159336 0.170248 0.165082 0.164196 0.163037 0.159985 0.159053 0.157819 0.157552 0.157339 0.155812 0.157007 0.161651 0.169526 0.164382 0.162810 0.159084 0.159732 0.161039 0.160252 0.159733 0.156970 0.157925 0.158634 0.164496 0.163064 0.160777 0.160053 0.165557 0.158527 0.159607 0.158943 0.155266 0.160844
0.172167 0.170400 0.167739 0.160739 0.151807 0.143433 0.143549 0.147105 0.146520 0.151568 0.164966 0.171385 0.167695 0.164099 0.158150 0.145720 0.134048 0.142921 0.148742 0.146007 0.152398 0.168090 0.172346 0.168690 0.165408 0.162201 0.158555 0.154288 0.146392 0.146068 0.147811 0.150983 0.149061 0.169822 0.170006 0.166887 0.163720 0.160271 0.157950 0.154905 0.153805 0.150998 0.153694 0.153784 0.155652 0.172870 0.167676 0.166730 0.165446 0.162155 0.160760 0.158642 0.157048 0.155515 0.153130 0.153907 0.158386 0.172069 0.166852 0.165138 0.161159 0.161381 0.162012 0.160286 0.158715 0.155039 0.155372 0.155745 0.166847 0.165195 0.162541 0.161256 0.165985 0.158038 0.158218 0.156825 0.152669 0.158017
0.173366 0.171632 0.169040 0.162400 0.154493 0.146522 0.141202 0.139304 0.139040 0.144503 0.166160 0.172616 0.169003 0.165548 0.159854 0.149126 0.142921 0.129342 0.140652 0.139038 0.145672 0.169238 0.173509 0.169879 0.166650 0.163537 0.160050 0.156039 0.148297 0.143803 0.141383 0.144696 0.142948 0.170916 0.171099 0.167974 0.164788 0.161295 0.158845 0.155372 0.152773 0.147639 0.148855 0.148547 0.150335 0.173910 0.168700 0.167720 0.166365 0.162944 0.161306 0.158723 0.156240 0.153376 0.149681 0.149639 0.153785 0.173063 0.167803 0.166005 0.161875 0.161838 0.162040 0.159640 0.157138 0.152430 0.151897 0.151740 0.167726 0.165940 0.163057 0.161403 0.165570 0.156857 0.156141 0.153889 0.149084 0.154096
0.176992 0.175275 0.172721 0.166280 0.158981 0.151613 0.146670 0.139249 0.133357 0.138858 0.169783 0.176260 0.172689 0.169312 0.163755 0.153740 0.148742 0.140652 0.129342 0.133033 0.140426 0.172836 0.177114 0.173501 0.170302 0.167241 0.163843 0.159982 0.152481 0.148143 0.141530 0.140614 0.138898 0.174483 0.174666 0.171538 0.168344 0.164834 0.162341 0.158743 0.155725 0.149110 0.148018 0.146265 0.147759 0.177448 0.172229 0.171230 0.169837 0.166345 0.164582 0.161768 0.158841 0.155123 0.150153 0.148894 0.152389 0.176574 0.171291 0.169446 0.165230 0.165047 0.165004 0.162199 0.159065 0.153491 0.152031 0.151180 0.171173 0.169311 0.166296 0.164424 0.168242 0.159006 0.157586 0.154532 0.149018 0.153616
0.173370 0.171662 0.169126 0.162785 0.155791 0.148758 0.144334 0.137127 0.125431 0.124889 0.166159 0.172646 0.169097 0.165758 0.160270 0.150584 0.146007 0.139038 0.133033 0.113740 0.125435 0.169200 0.173481 0.169875 0.166692 0.163658 0.160306 0.156521 0.149147 0.145018 0.138505 0.133292 0.127173 0.170832 0.171014 0.167884 0.164688 0.161170 0.158661 0.155024 0.151890 0.144874 0.142337 0.138382 0.138806 0.173781 0.168558 0.167549 0.166137 0.162611 0.160787 0.157864 0.154736 0.150627 0.144896 0.142531 0.145142 0.172894 0.167598 0.165730 0.161472 0.161215 0.161046 0.158033 0.154557 0.148455 0.146299 0.144799 0.167460 0.165560 0.162478 0.160493 0.164126 0.154599 0.152750 0.149141 0.143060 0.147285
0.179505 0.177800 0.175270 0.168958 0.162056 0.155127 0.150879 0.143910 0.132014 0.125630 0.172294 0.178785 0.175241 0.171914 0.166446 0.156859 0.152398 0.145672 0.140426 0.125435 0.109086 0.175331 0.179614 0.176010 0.172831 0.169805 0.166468 0.162706 0.155370 0.151308 0.144901 0.139614 0.129165 0.176958 0.177141 0.174010 0.170813 0.167293 0.164780 0.161133 0.157974 0.150877 0.148046 0.143021 0.142608 0.179902 0.174678 0.173667 0.172249 0.168713 0.166871 0.163916 0.160730 0.156510 0.150556 0.147763 0.149919 0.179012 0.173712 0.171837 0.167566 0.167287 0.167080 0.164002 0.160420 0.154147 0.151740 0.149967 0.173568 0.171656 0.168554 0.166534 0.170109 0.160490 0.158500 0.154696 0.148396 0.152468
0.144257 0.147715 0.152178 0.160096 0.167130 0.167409 0.170938 0.172573 0.170569 0.174970 0.137192 0.151828 0.155826 0.159629 0.161101 0.165285 0.168090 0.169238 0.172836 0.169200 0.175331 0.000000 0.148078 0.153315 0.157361 0.161185 0.164568 0.167477 0.166900 0.169865 0.170810 0.173406 0.171226 0.144668 0.152474 0.156013 0.159325 0.162249 0.166141 0.168881 0.172109 0.171350 0.174628 0.174889 0.176795 0.151024 0.149838 0.153984 0.158350 0.160844 0.165116 0.168261 0.171083 0.172659 0.172053 0.173707 0.178543 0.154511 0.152916 0.155876 0.157105 0.162641 0.168336 0.171083 0.173079 0.171918 0.173804 0.174988 0.155651 0.158688 0.161117 0.164860 0.174219 0.170189 0.173379 0.174069 0.171169 0.177096
0.154123 0.154464 0.156861 0.164222 0.171338 0.171648 0.175197 0.176845 0.174847 0.179251 0.145735 0.155756 0.159701 0.163658 0.165232 0.169518 0.172346 0.173509 0.177114 0.173481 0.179614 0.148078 0.000000 0.155954 0.161130 0.165267 0.168761 0.171718 0.171163 0.174140 0.175092 0.177691 0.175513 0.152461 0.155972 0.159886 0.163463 0.166490 0.170416 0.173167 0.176399 0.175641 0.178919 0.179180 0.181087 0.159441 0.155933 0.158777 0.162835 0.165242 0.169474 0.172594 0.175400 0.176966 0.176354 0.178004 0.182839 0.161390 0.158692 0.160917 0.161782 0.167139 0.172742 0.175439 0.177408 0.176232 0.178109 0.179289 0.161179 0.163668 0.165779 0.169352 0.178621 0.174542 0.177706 0.178382 0.175474 0.181398
0.157326 0.155871 0.155312 0.160419 0.167594 0.167960 0.171546 0.173218 0.171233 0.175643 0.149781 0.155714 0.155544 0.159558 0.161329 0.165816 0.168690 0.169879 0.173501 0.169875 0.176010 0.153315 0.155954 0.145177 0.155882 0.161140 0.164950 0.168021 0.167518 0.170520 0.171486 0.174091 0.171916 0.156023 0.155515 0.155610 0.159497 0.162764 0.166783 0.169566 0.172808 0.172053 0.175332 0.175593 0.177500 0.160967 0.156203 0.157055 0.159821 0.161892 0.166019 0.169088 0.171863 0.173409 0.172787 0.174430 0.179262 0.161633 0.157859 0.158930 0.159020 0.163983 0.169390 0.171984 0.173897 0.172690 0.174550 0.175722 0.159810 0.161435 0.162947 0.166176 0.175259 0.171081 0.174192 0.174838 0.171916 0.177833
0.161135 0.159280 0.156908 0.157322 0.164177 0.164625 0.168278 0.169994 0.168034 0.172456 0.153863 0.159869 0.155675 0.155679 0.157580 0.162446 0.165408 0.166650 0.170302 0.166692 0.172831 0.157361 0.161130 0.155882 0.000000 0.156246 0.161224 0.164627 0.164248 0.167307 0.168301 0.170920 0.168751 0.159622 0.159411 0.155631 0.155663 0.159242 0.163500 0.166374 0.169647 0.168902 0.172185 0.172447 0.174353 0.163561 0.158509 0.158069 0.158680 0.159388 0.163151 0.166098 0.168813 0.170322 0.169678 0.171309 0.176135 0.163498 0.158988 0.158824 0.157633 0.161751 0.166727 0.169104 0.170902 0.169633 0.171459 0.172614 0.160222 0.160756 0.161295 0.163867 0.172572 0.168190 0.171191 0.171778 0.168825 0.174729
0.165048 0.163174 0.160424 0.156133 0.160878 0.161365 0.165108 0.166892 0.164975 0.169416 0.157840 0.164044 0.159955 0.155934 0.153818 0.159083 0.162201 0.163537 0.167241 0.163658 0.169805 0.161185 0.165267 0.161140 0.156246 0.145513 0.156464 0.161058 0.161021 0.164210 0.165261 0.167907 0.165749 0.163198 0.163232 0.159733 0.155878 0.155585 0.160154 0.163269 0.166634 0.165921 0.169213 0.169478 0.171386 0.166656 0.161524 0.160743 0.159968 0.158476 0.160853 0.163424 0.166011 0.167457 0.166775 0.168385 0.173202 0.166205 0.161314 0.160315 0.157807 0.160598 0.164705 0.166641 0.168215 0.166828 0.168592 0.169716 0.161953 0.161507 0.160882 0.162444 0.170471 0.165702 0.168494 0.168969 0.165959 0.171839
0.168545 0.166722 0.163984 0.157551 0.157620 0.157779 0.161565 0.163437 0.161584 0.166055 0.161345 0.167673 0.163811 0.159927 0.153777 0.155182 0.158555 0.160050 0.163843 0.160306 0.166468 0.164568 0.168761 0.164950 0.161224 0.156464 0.145384 0.156001 0.157169 0.160705 0.161886 0.164587 0.162450 0.166421 0.166552 0.163289 0.159725 0.155530 0.156218 0.159647 0.163255 0.162636 0.165961 0.166236 0.168146 0.169636 0.164467 0.163577 0.162422 0.159523 0.159684 0.160864 0.163072 0.164390 0.163646 0.165222 0.170023 0.168979 0.163894 0.162465 0.159082 0.160530 0.163299 0.164361 0.165492 0.163881 0.165531 0.166601 0.164166 0.163051 0.161405 0.161784 0.168791 0.163343 0.165748 0.166017 0.162901 0.168737
0.171538 0.169764 0.167099 0.160365 0.155771 0.154164 0.157617 0.159523 0.157744 0.162259 0.164336 0.170738 0.167020 0.163380 0.157389 0.150749 0.154288 0.156039 0.159982 0.156521 0.162706 0.167477 0.171718 0.168021 0.164627 0.161058 0.156001 0.144510 0.151730 0.156488 0.158017 0.160842 0.158749 0.169230 0.169395 0.166221 0.162892 0.158999 0.155797 0.155342 0.159271 0.158900 0.162320 0.162627 0.164544 0.172315 0.167123 0.166180 0.164896 0.161609 0.160365 0.159337 0.160155 0.161098 0.160231 0.161751 0.166528 0.171547 0.166360 0.164711 0.160879 0.161443 0.162871 0.162599 0.162863 0.160814 0.162249 0.163219 0.166428 0.164925 0.162592 0.161947 0.167773 0.161312 0.163045 0.162934 0.159625 0.165381
0.171017 0.169276 0.166675 0.160074 0.153396 0.148899 0.150552 0.152096 0.150325 0.154882 0.163811 0.170258 0.166627 0.163143 0.157409 0.146924 0.146392 0.148297 0.152481 0.149147 0.155370 0.166900 0.171163 0.167518 0.164248 0.161021 0.157169 0.151730 0.136662 0.147554 0.150319 0.153486 0.151497 0.168591 0.168767 0.165623 0.162382 0.158724 0.155823 0.151458 0.151486 0.151444 0.155118 0.155520 0.157460 0.171604 0.166396 0.165420 0.164069 0.160645 0.159009 0.156570 0.155174 0.154726 0.153490 0.154899 0.159636 0.170772 0.165527 0.163761 0.159696 0.159803 0.160341 0.158726 0.157658 0.154746 0.155756 0.156537 0.165485 0.163768 0.161033 0.159694 0.164490 0.156852 0.157579 0.156807 0.153141 0.158747
0.174016 0.172297 0.169738 0.163303 0.156351 0.150062 0.148740 0.148442 0.146280 0.150804 0.166807 0.173280 0.169702 0.166314 0.160742 0.150711 0.146068 0.143803 0.148143 0.145018 0.151308 0.169865 0.174140 0.170520 0.167307 0.164210 0.160705 0.156488 0.147554 0.135879 0.144812 0.149207 0.147519 0.171517 0.171697 0.168562 0.165350 0.161780 0.159117 0.155056 0.151126 0.147137 0.151134 0.151781 0.153786 0.174488 0.169271 0.168273 0.166881 0.163387 0.161610 0.158775 0.155956 0.153272 0.150636 0.151684 0.156331 0.173621 0.168343 0.166510 0.162319 0.162187 0.162263 0.159753 0.157336 0.153090 0.153249 0.153643 0.168238 0.166402 0.163445 0.161699 0.165795 0.157125 0.156678 0.154908 0.150614 0.155939
0.174982 0.173275 0.170742 0.164423 0.157596 0.150955 0.147799 0.144511 0.140475 0.144570 0.167771 0.174259 0.170712 0.167377 0.161899 0.152278 0.147811 0.141383 0.141530 0.138505 0.144901 0.170810 0.175092 0.171486 0.168301 0.165261 0.161886 0.158017 0.150319 0.144812 0.131086 0.141599 0.141033 0.172441 0.172623 0.169490 0.166286 0.162747 0.160176 0.156360 0.152746 0.144792 0.144817 0.145752 0.147912 0.175389 0.170166 0.169156 0.167740 0.164205 0.162361 0.159392 0.156189 0.152095 0.147235 0.146901 0.151226 0.174502 0.169205 0.167336 0.163077 0.162822 0.162666 0.159705 0.156413 0.150843 0.149711 0.149336 0.169067 0.167168 0.164092 0.162128 0.165827 0.156475 0.155026 0.152123 0.146911 0.151758
0.177588 0.175888 0.173370 0.167118 0.160431 0.153803 0.150262 0.145102 0.138035 0.140287 0.170377 0.176873 0.173342 0.170037 0.164609 0.155216 0.150983 0.144696 0.140614 0.133292 0.139614 0.173406 0.177691 0.174091 0.170920 0.167907 0.164587 0.160842 0.153486 0.149207 0.141599 0.129342 0.134591 0.175024 0.175207 0.172075 0.168873 0.165343 0.162803 0.159082 0.155716 0.148071 0.144099 0.140972 0.143200 0.177960 0.172734 0.171717 0.170288 0.166730 0.164849 0.161820 0.158497 0.154038 0.147795 0.145278 0.148313 0.177062 0.171757 0.169868 0.165573 0.165255 0.164984 0.161809 0.158096 0.151700 0.149332 0.147830 0.171601 0.169668 0.166532 0.164458 0.167954 0.158235 0.156152 0.152331 0.146139 0.150352
0.175413 0.173716 0.171204 0.164983 0.158370 0.151788 0.148217 0.142628 0.133718 0.133369 0.168201 0.174701 0.171177 0.167885 0.162479 0.153186 0.149061 0.142948 0.138898 0.127173 0.129165 0.171226 0.175513 0.171916 0.168751 0.165749 0.162450 0.158749 0.151497 0.147519 0.141033 0.134591 0.115949 0.172840 0.173022 0.169891 0.166689 0.163162 0.160631 0.156938 0.153659 0.146233 0.142484 0.135140 0.133084 0.175770 0.170542 0.169523 0.168087 0.164519 0.162622 0.159567 0.156201 0.151649 0.145083 0.141276 0.142450 0.174868 0.169558 0.167660 0.163351 0.163006 0.162687 0.159425 0.155546 0.148816 0.145787 0.143383 0.169395 0.167448 0.164286 0.162165 0.165577 0.155703 0.153337 0.149038 0.142211 0.145922
0.154230 0.155239 0.157225 0.162783 0.169089 0.169220 0.172662 0.174248 0.172216 0.176606 0.146802 0.157321 0.159468 0.162370 0.163356 0.167109 0.169822 0.170916 0.174483 0.170832 0.176958 0.144668 0.152461 0.156023 0.159622 0.163198 0.166421 0.169230 0.168591 0.171517 0.172441 0.175024 0.172840 0.132693 0.151645 0.156931 0.160694 0.163760 0.167703 0.170462 0.173698 0.172942 0.176222 0.176483 0.178390 0.148576 0.146928 0.153326 0.158811 0.161836 0.166378 0.169667 0.172569 0.174190 0.173610 0.175277 0.180118 0.152656 0.151610 0.155568 0.157541 0.163547 0.169525 0.172439 0.174532 0.173428 0.175346 0.176546 0.154899 0.158672 0.161691 0.165833 0.175443 0.171563 0.174842 0.175583 0.172711 0.178650
0.158696 0.158386 0.158922 0.163184 0.169298 0.169412 0.172847 0.174431 0.172399 0.176789 0.151102 0.159460 0.160182 0.162702 0.163584 0.167297 0.170006 0.171099 0.174666 0.171014 0.177141 0.152474 0.155972 0.155515 0.159411 0.163232 0.166552 0.169395 0.168767 0.171697 0.172623 0.175207 0.173022 0.151645 0.143533 0.155311 0.160368 0.163781 0.167832 0.170627 0.173874 0.173122 0.176404 0.176665 0.178572 0.156751 0.150636 0.152797 0.158589 0.161866 0.166507 0.169831 0.172745 0.174370 0.173792 0.175459 0.180301 0.157344 0.153929 0.156341 0.157889 0.163779 0.169723 0.172626 0.174716 0.173611 0.175528 0.176728 0.156743 0.159525 0.162116 0.166100 0.175653 0.171755 0.175028 0.175766 0.172894 0.178833
0.160956 0.159836 0.158905 0.160710 0.166264 0.166319 0.169732 0.171307 0.169272 0.173659 0.153552 0.160576 0.159085 0.160163 0.160639 0.164194 0.166887 0.167974 0.171538 0.167884 0.174010 0.156013 0.159886 0.155610 0.155631 0.159733 0.163289 0.166221 0.165623 0.168562 0.169490 0.172075 0.169891 0.156931 0.155311 0.144047 0.155441 0.160139 0.164537 0.167441 0.170723 0.169984 0.173269 0.173532 0.175439 0.160410 0.154718 0.152910 0.154686 0.158297 0.163202 0.166633 0.169588 0.171227 0.170655 0.172324 0.177167 0.159966 0.155140 0.155226 0.155276 0.160769 0.166615 0.169494 0.171580 0.170475 0.172393 0.173594 0.156773 0.157977 0.159591 0.163171 0.172581 0.168637 0.171896 0.172632 0.169759 0.175698
0.163798 0.162325 0.160472 0.159165 0.163332 0.163226 0.166576 0.168126 0.166080 0.170464 0.156509 0.163172 0.160248 0.159053 0.158062 0.161071 0.163720 0.164788 0.168344 0.164688 0.170813 0.159325 0.163463 0.159497 0.155663 0.155878 0.159725 0.162892 0.162382 0.165350 0.166286 0.168873 0.166689 0.160694 0.160368 0.155441 0.144116 0.155120 0.160818 0.164073 0.167465 0.166762 0.170059 0.170326 0.172235 0.163766 0.158359 0.156896 0.154662 0.154287 0.159544 0.163249 0.166315 0.167996 0.167439 0.169115 0.173960 0.162992 0.157793 0.156391 0.154068 0.158061 0.163518 0.166306 0.168371 0.167264 0.169184 0.170386 0.158359 0.157961 0.157955 0.160556 0.169567 0.165485 0.168702 0.169427 0.166551 0.172491
0.166554 0.164947 0.162698 0.158869 0.160497 0.159972 0.163158 0.164644 0.162574 0.166950 0.159312 0.165876 0.162554 0.159903 0.156627 0.157749 0.160271 0.161295 0.164834 0.161170 0.167293 0.162249 0.166490 0.162764 0.159242 0.155585 0.155530 0.158999 0.158724 0.161780 0.162747 0.165343 0.163162 0.163760 0.163781 0.160139 0.155120 0.000000 0.155472 0.160026 0.163770 0.163177 0.166511 0.166790 0.168701 0.166715 0.161419 0.160220 0.158324 0.153945 0.155216 0.159266 0.162604 0.164396 0.163881 0.165572 0.170422 0.165837 0.160542 0.158745 0.154914 0.156526 0.160482 0.162882 0.164857 0.163729 0.165646 0.166848 0.160622 0.159246 0.157612 0.158590 0.166623 0.162144 0.165224 0.165906 0.163018 0.168955
0.170384 0.168727 0.166327 0.161126 0.159628 0.158141 0.160906 0.162227 0.160095 0.164450 0.163160 0.169692 0.166254 0.163190 0.158455 0.155847 0.157950 0.158845 0.162341 0.158661 0.164780 0.166141 0.170416 0.166783 0.163500 0.160154 0.156218 0.155797 0.155823 0.159117 0.160176 0.162803 0.160631 0.167703 0.167832 0.164537 0.160818 0.155472 0.144826 0.155679 0.160721 0.160480 0.163924 0.164239 0.166158 0.170624 0.165368 0.164276 0.162648 0.158603 0.155878 0.155950 0.159625 0.161687 0.161281 0.163012 0.167876 0.169715 0.164396 0.162500 0.158270 0.158370 0.159950 0.160853 0.162438 0.161216 0.163111 0.164309 0.164296 0.162514 0.159893 0.159244 0.165655 0.160203 0.162887 0.163429 0.160497 0.166422
0.173100 0.171425 0.168970 0.163202 0.159191 0.156147 0.157936 0.158830 0.156535 0.160836 0.165883 0.172404 0.168928 0.165745 0.160599 0.154276 0.154905 0.155372 0.158743 0.155024 0.161133 0.168881 0.173167 0.169566 0.166374 0.163269 0.159647 0.155342 0.151458 0.155056 0.156360 0.159082 0.156938 0.170462 0.170627 0.167441 0.164073 0.160026 0.155679 0.143881 0.155219 0.156278 0.160075 0.160497 0.162441 0.173375 0.168133 0.167080 0.165560 0.161783 0.159387 0.155468 0.155164 0.157559 0.157421 0.159260 0.164158 0.172457 0.167133 0.165212 0.160882 0.160581 0.160649 0.159178 0.159266 0.157651 0.159449 0.160624 0.166971 0.165045 0.162015 0.160378 0.165161 0.158092 0.159803 0.159945 0.156873 0.162755
0.176319 0.174637 0.172161 0.166182 0.160809 0.156203 0.156404 0.156318 0.153604 0.157764 0.169104 0.175620 0.172131 0.168910 0.163646 0.155475 0.153805 0.152773 0.155725 0.151890 0.157974 0.172109 0.176399 0.172808 0.169647 0.166634 0.163255 0.159271 0.151486 0.151126 0.152746 0.155716 0.153659 0.173698 0.173874 0.170723 0.167465 0.163770 0.160721 0.155219 0.143881 0.151228 0.156323 0.157088 0.159106 0.176608 0.171372 0.170333 0.168852 0.165182 0.163050 0.159456 0.155160 0.153565 0.153753 0.155852 0.160844 0.175689 0.170363 0.168437 0.164081 0.163677 0.163341 0.160356 0.158070 0.154950 0.156348 0.157423 0.170182 0.168208 0.165030 0.162981 0.166772 0.158077 0.158170 0.157332 0.153858 0.159610
0.175557 0.173872 0.171388 0.165331 0.159395 0.153825 0.152439 0.150771 0.147101 0.150898 0.168343 0.174857 0.171362 0.168127 0.162826 0.154138 0.150998 0.147639 0.149110 0.144874 0.150877 0.171350 0.175641 0.172053 0.168902 0.165921 0.162636 0.158900 0.151444 0.147137 0.144792 0.148071 0.146233 0.172942 0.173122 0.169984 0.166762 0.163177 0.160480 0.156278 0.151228 0.135879 0.147246 0.149274 0.151536 0.175853 0.170618 0.169584 0.168117 0.164487 0.162461 0.159129 0.155155 0.149562 0.145749 0.148157 0.153373 0.174933 0.169607 0.167680 0.163317 0.162887 0.162447 0.159054 0.155255 0.149757 0.149645 0.150323 0.169420 0.167431 0.164204 0.162007 0.165383 0.155697 0.154166 0.151708 0.147261 0.152652
0.178834 0.177148 0.174661 0.168575 0.162426 0.156442 0.154085 0.150854 0.145659 0.148642 0.171620 0.178133 0.174636 0.171395 0.166080 0.157241 0.153694 0.148855 0.148018 0.142337 0.148046 0.174628 0.178919 0.175332 0.172185 0.169213 0.165961 0.162320 0.155118 0.151134 0.144817 0.144099 0.142484 0.176222 0.176404 0.173269 0.170059 0.166511 0.163924 0.160075 0.156323 0.147246 0.135879 0.144079 0.147285 0.179133 0.173899 0.172867 0.171406 0.167790 0.165802 0.162575 0.158862 0.153587 0.145761 0.144132 0.149564 0.178214 0.172888 0.170961 0.166598 0.166161 0.165693 0.162196 0.157991 0.150980 0.148495 0.147688 0.172700 0.170706 0.167464 0.165217 0.168445 0.158347 0.155831 0.151761 0.145736 0.150286
0.179093 0.177407 0.174919 0.168822 0.162598 0.156463 0.153706 0.149558 0.142942 0.144762 0.171880 0.178392 0.174895 0.171652 0.166331 0.157444 0.153784 0.148547 0.146265 0.138382 0.143021 0.174889 0.179180 0.175593 0.172447 0.169478 0.166236 0.162627 0.155520 0.151781 0.145752 0.140972 0.135140 0.176483 0.176665 0.173532 0.170326 0.166790 0.164239 0.160497 0.157088 0.149274 0.144079 0.129225 0.137415 0.179395 0.174161 0.173130 0.171670 0.168059 0.166085 0.162896 0.159283 0.154256 0.146714 0.140980 0.142151 0.178476 0.173150 0.171223 0.166860 0.166422 0.165948 0.162423 0.158115 0.150705 0.146734 0.143650 0.172962 0.170967 0.167720 0.165458 0.168638 0.158395 0.155483 0.150472 0.142968 0.146302
0.181000 0.179314 0.176825 0.170726 0.164483 0.158310 0.155451 0.151044 0.143873 0.145086 0.173786 0.180299 0.176801 0.173557 0.168235 0.159336 0.155652 0.150335 0.147759 0.138806 0.142608 0.176795 0.181087 0.177500 0.174353 0.171386 0.168146 0.164544 0.157460 0.153786 0.147912 0.143200 0.133084 0.178390 0.178572 0.175439 0.172235 0.168701 0.166158 0.162441 0.159106 0.151536 0.147285 0.137415 0.116625 0.181301 0.176068 0.175037 0.173578 0.169968 0.167998 0.164817 0.161230 0.156269 0.148883 0.143209 0.140059 0.180382 0.175057 0.173131 0.168768 0.168330 0.167854 0.164324 0.159995 0.152508 0.148235 0.144044 0.174869 0.172874 0.169626 0.167361 0.170529 0.160253 0.157242 0.151967 0.143884 0.146581
0.159867 0.160739 0.162210 0.166616 0.172348 0.172342 0.175701 0.177239 0.175181 0.179559 0.152702 0.162800 0.164080 0.166331 0.166900 0.170248 0.172870 0.173910 0.177448 0.173781 0.179902 0.151024 0.159441 0.160967 0.163561 0.166656 0.169636 0.172315 0.171604 0.174488 0.175389 0.177960 0.175770 0.148576 0.156751 0.160410 0.163766 0.166715 0.170624 0.173375 0.176608 0.175853 0.179133 0.179395 0.181301 0.131692 0.146526 0.154891 0.160938 0.164267 0.168997 0.172403 0.175376 0.177039 0.176484 0.178163 0.183011 0.146626 0.150098 0.156147 0.159159 0.165724 0.172014 0.175105 0.177300 0.176254 0.178204 0.179420 0.153906 0.159383 0.163372 0.168049 0.177957 0.174244 0.177618 0.178412 0.175569 0.181521
0.157267 0.157414 0.158144 0.161737 0.167224 0.167172 0.170505 0.172028 0.169963 0.174337 0.149906 0.158969 0.159557 0.161468 0.161869 0.165082 0.167676 0.168700 0.172229 0.168558 0.174678 0.149838 0.155933 0.156203 0.158509 0.161524 0.164467 0.167123 0.166396 0.169271 0.170166 0.172734 0.170542 0.146928 0.150636 0.154718 0.158359 0.161419 0.165368 0.168133 0.171372 0.170618 0.173899 0.174161 0.176068 0.146526 0.000000 0.147799 0.155117 0.158796 0.163651 0.167111 0.170111 0.171787 0.171239 0.172923 0.177772 0.145985 0.144380 0.150415 0.153615 0.160304 0.166669 0.169806 0.172027 0.170997 0.172956 0.174176 0.149051 0.153996 0.157939 0.162667 0.172627 0.168952 0.172349 0.173157 0.170321 0.176276
0.160061 0.159527 0.159330 0.161480 0.166435 0.166281 0.169556 0.171046 0.168964 0.173331 0.152672 0.160686 0.160139 0.161284 0.161291 0.164196 0.166730 0.167720 0.171230 0.167549 0.173667 0.153984 0.158777 0.157055 0.158069 0.160743 0.163577 0.166180 0.165420 0.168273 0.169156 0.171717 0.169523 0.153326 0.152797 0.152910 0.156896 0.160220 0.164276 0.167080 0.170333 0.169584 0.172867 0.173130 0.175037 0.154891 0.147799 0.000000 0.152169 0.157125 0.162346 0.165944 0.169007 0.170716 0.170184 0.171877 0.176730 0.153243 0.147096 0.148584 0.151920 0.158869 0.165398 0.168632 0.170911 0.169914 0.171892 0.173123 0.150123 0.153056 0.156591 0.161347 0.171397 0.167795 0.171240 0.172077 0.169258 0.175220
0.163581 0.162551 0.161475 0.161571 0.165478 0.165109 0.168264 0.169689 0.167572 0.171924 0.156251 0.163545 0.161776 0.161648 0.160804 0.163037 0.165446 0.166365 0.169837 0.166137 0.172249 0.158350 0.162835 0.159821 0.158680 0.159968 0.162422 0.164896 0.164069 0.166881 0.167740 0.170288 0.168087 0.158811 0.158589 0.154686 0.154662 0.158324 0.162648 0.165560 0.168852 0.168117 0.171406 0.171670 0.173578 0.160938 0.155117 0.152169 0.142325 0.153661 0.160192 0.164179 0.167394 0.169173 0.168677 0.170387 0.175248 0.159413 0.153424 0.150512 0.149450 0.156624 0.163463 0.166889 0.169283 0.168354 0.170369 0.171619 0.153648 0.153428 0.155033 0.159458 0.169581 0.166096 0.169630 0.170524 0.167736 0.173713
0.165610 0.164286 0.162598 0.160578 0.162797 0.162029 0.164961 0.166263 0.164082 0.168407 0.158330 0.165257 0.162667 0.161242 0.159082 0.159985 0.162155 0.162944 0.166345 0.162611 0.168713 0.160844 0.165242 0.161892 0.159388 0.158476 0.159523 0.161609 0.160645 0.163387 0.164205 0.166730 0.164519 0.161836 0.161866 0.158297 0.154287 0.153945 0.158603 0.161783 0.165182 0.164487 0.167790 0.168059 0.169968 0.164267 0.158796 0.157125 0.153661 0.000000 0.154567 0.159863 0.163471 0.165404 0.164979 0.166723 0.171598 0.162947 0.157224 0.154535 0.149124 0.151954 0.159037 0.162785 0.165377 0.164565 0.166647 0.167931 0.156787 0.154677 0.153156 0.155696 0.165511 0.162110 0.165767 0.166750 0.164016 0.170017
0.169633 0.168147 0.166101 0.162421 0.162467 0.161014 0.163540 0.164620 0.162324 0.166600 0.162383 0.169123 0.166111 0.163826 0.160347 0.159053 0.160760 0.161306 0.164582 0.160787 0.166871 0.165116 0.169474 0.166019 0.163151 0.160853 0.159684 0.160365 0.159009 0.161610 0.162361 0.164849 0.162622 0.166378 0.166507 0.163202 0.159544 0.155216 0.155878 0.159387 0.163050 0.162461 0.165802 0.166085 0.167998 0.168997 0.163651 0.162346 0.160192 0.154567 0.144351 0.155889 0.160796 0.163119 0.162845 0.164657 0.169558 0.167829 0.162268 0.159883 0.154717 0.153222 0.155998 0.159994 0.162908 0.162292 0.164486 0.165827 0.161797 0.159370 0.155975 0.155418 0.163369 0.159671 0.163412 0.164515 0.161863 0.167903
0.172642 0.171068 0.168826 0.164087 0.161969 0.159508 0.161343 0.162022 0.159518 0.163707 0.165408 0.172050 0.168820 0.166091 0.161743 0.157819 0.158642 0.158723 0.161768 0.157864 0.163916 0.168261 0.172594 0.169088 0.166098 0.163424 0.160864 0.159337 0.156570 0.158775 0.159392 0.161820 0.159567 0.169667 0.169831 0.166633 0.163249 0.159266 0.155950 0.155468 0.159456 0.159129 0.162575 0.162896 0.164817 0.172403 0.167111 0.165944 0.164179 0.159863 0.155889 0.144509 0.155630 0.159243 0.159353 0.161307 0.166260 0.171334 0.165869 0.163670 0.158822 0.157572 0.156048 0.155760 0.158915 0.158612 0.160992 0.162428 0.165476 0.163125 0.159423 0.157003 0.161872 0.156322 0.159764 0.160942 0.158393 0.164490
0.175389 0.173767 0.171417 0.166076 0.162280 0.158662 0.159481 0.159479 0.156603 0.160633 0.168164 0.174751 0.171405 0.168447 0.163649 0.157552 0.157048 0.156240 0.158841 0.154736 0.160730 0.171083 0.175400 0.171863 0.168813 0.166011 0.163072 0.160155 0.155174 0.155956 0.156189 0.158497 0.156201 0.172569 0.172745 0.169588 0.166315 0.162604 0.159625 0.155164 0.155160 0.155155 0.158862 0.159283 0.161230 0.175376 0.170111 0.169007 0.167394 0.163471 0.160796 0.155630 0.143881 0.153697 0.155084 0.157406 0.162475 0.174368 0.168960 0.166872 0.162220 0.161289 0.160001 0.155425 0.154308 0.154229 0.156901 0.158493 0.168640 0.166406 0.162787 0.160060 0.163063 0.154442 0.156031 0.156888 0.154387 0.160547
0.176922 0.175273 0.172865 0.167193 0.162334 0.157717 0.157372 0.156378 0.152872 0.156618 0.169702 0.176258 0.172849 0.169768 0.164740 0.157339 0.155515 0.153376 0.155123 0.150627 0.156510 0.172659 0.176966 0.173409 0.170322 0.167457 0.164390 0.161098 0.154726 0.153272 0.152095 0.154038 0.151649 0.174190 0.174370 0.171227 0.167996 0.164396 0.161687 0.157559 0.153565 0.149562 0.153587 0.154256 0.156269 0.177039 0.171787 0.170716 0.169173 0.165404 0.163119 0.159243 0.153697 0.140644 0.148218 0.151789 0.157173 0.176067 0.170693 0.168669 0.164133 0.163398 0.162423 0.158072 0.152669 0.148301 0.151165 0.153000 0.170422 0.168277 0.164778 0.162131 0.164819 0.154330 0.152840 0.151815 0.148950 0.155099
0.176293 0.174629 0.172188 0.166340 0.160885 0.155602 0.154268 0.152158 0.147748 0.151023 0.169076 0.175615 0.172170 0.169023 0.163874 0.155812 0.153130 0.149681 0.150153 0.144896 0.150556 0.172053 0.176354 0.172787 0.169678 0.166775 0.163646 0.160231 0.153490 0.150636 0.147235 0.147795 0.145083 0.173610 0.173792 0.170655 0.167439 0.163881 0.161281 0.157421 0.153753 0.145749 0.145761 0.146714 0.148883 0.176484 0.171239 0.170184 0.168677 0.164979 0.162845 0.159353 0.155084 0.148218 0.132900 0.142604 0.149121 0.175532 0.170177 0.168191 0.163722 0.163102 0.162316 0.158265 0.153069 0.144391 0.142920 0.144869 0.169938 0.167848 0.164438 0.161906 0.164663 0.153845 0.150468 0.146324 0.141517 0.147239
0.177934 0.176262 0.173804 0.167863 0.162101 0.156456 0.154492 0.151479 0.146113 0.148769 0.170718 0.177247 0.173784 0.170602 0.165390 0.157007 0.153907 0.149639 0.148894 0.142531 0.147763 0.173707 0.178004 0.174430 0.171309 0.168385 0.165222 0.161751 0.154899 0.151684 0.146901 0.145278 0.141276 0.175277 0.175459 0.172324 0.169115 0.165572 0.163012 0.159260 0.155852 0.148157 0.144132 0.140980 0.143209 0.178163 0.172923 0.171877 0.170387 0.166723 0.164657 0.161307 0.157406 0.151789 0.142604 0.129300 0.141636 0.177223 0.171879 0.169913 0.165481 0.164923 0.164241 0.160362 0.155437 0.146920 0.141064 0.138552 0.171656 0.169599 0.166241 0.163789 0.166647 0.155873 0.152128 0.146041 0.138053 0.141846
