 0.131083  0.134105  0.138162  0.152606  0.169784  0.180379  0.175601  0.179279  0.179586  0.182546  0.134237  0.136443  0.139862   0.15011  0.158229  0.172105  0.174049  0.177552   0.17799  0.178483  0.182294  0.137246  0.138256  0.139802   0.14724  0.155474  0.163968  0.173279   0.17879   0.17625  0.177589  0.178262   0.13848  0.139909  0.147007  0.150241  0.161724  0.166999  0.180163  0.175672  0.176336  0.177527  0.178748  0.140947  0.149679   0.16045  0.166894  0.173768  0.177905  0.175951  0.177129  0.177985  0.141114  0.141551  0.143063  0.147078  0.155807  0.163561  0.168075  0.178485  0.175784  0.176476  0.177688  0.178922  0.141911  0.142535  0.145683  0.151809  0.161583   0.16939   0.17336  0.179585   0.17724  0.178136  0.180039  0.144687  0.148046   0.15801  0.164014  0.173093  0.177449  0.179342  0.179095  0.179623  0.183995
 0.134105  0.130554  0.136396  0.151431  0.168816  0.179466  0.174759  0.178442  0.178753  0.181715  0.134006  0.134845  0.138395  0.148916  0.157162  0.171179    0.1732  0.176714  0.177157  0.177652  0.181463  0.137355  0.137699  0.139012  0.146304  0.154442  0.163072  0.172424  0.177954  0.175419  0.176757  0.177433  0.138351  0.139378  0.146283  0.149441   0.16088  0.166154   0.17933  0.174842  0.175507  0.176698   0.17792  0.140566  0.149038  0.159682  0.166099  0.172952   0.17708  0.175125  0.176301  0.177158  0.140944  0.141334  0.142675  0.146542  0.155196  0.162837  0.167307  0.177673   0.17496  0.175651  0.176862  0.178095  0.141658  0.142249  0.145333  0.151354  0.160967  0.168664  0.172594  0.178767  0.176419  0.177311  0.179214   0.14436  0.147685   0.15744  0.163374  0.172351  0.176641  0.178524  0.178272  0.178799   0.18317
 0.138162  0.136396  0.129179  0.149324  0.167854  0.178785  0.174425  0.178134  0.178465  0.181434  0.137508  0.134128  0.135359  0.146793  0.155703  0.170434  0.172831  0.176399  0.176867  0.177368  0.181183    0.1399  0.139458  0.140017  0.146039  0.153262  0.162521  0.172034  0.177651  0.175137  0.176476  0.177159  0.140563  0.140887   0.14697  0.149585  0.160605  0.165841  0.179045  0.174571  0.175236  0.176429  0.177651   0.14229  0.149852  0.159768  0.166023   0.17275   0.17683  0.174864  0.176038  0.176894  0.142968  0.143285  0.144288    0.1477  0.155987  0.163073  0.167333   0.17748  0.174713  0.175398  0.176603  0.177836  0.143514  0.144035  0.146959  0.152641  0.161642  0.168864  0.172615  0.178551  0.176186  0.177064   0.17896  0.146042  0.149258  0.158289  0.163943   0.17248  0.176463  0.178304  0.178029  0.178551  0.182918
 0.152606  0.151431  0.149324 0.0962557  0.150477  0.166486  0.167458  0.171539  0.172142  0.175202  0.151939  0.149596  0.148416  0.133895  0.133907  0.157588  0.165383  0.169719  0.170529  0.171104  0.174972  0.153248   0.15246  0.152343  0.152783  0.144677  0.155069  0.164733    0.1712  0.168911  0.170236  0.171027  0.153457  0.153072   0.15655  0.154184  0.157172  0.160582  0.172929  0.168484  0.169155  0.170359  0.171583  0.154361  0.157874  0.159985  0.163603  0.167799  0.171053   0.16892  0.170043   0.17089  0.155149  0.155341  0.155634   0.15705  0.162221  0.163621  0.165222  0.172452  0.168941   0.16954  0.170668  0.171888   0.15523  0.155534  0.157788   0.16141  0.165675  0.168206  0.169974  0.173142  0.170577  0.171265  0.173092  0.157078  0.159646  0.163613   0.16685   0.17097  0.171492  0.172836  0.172287  0.172743  0.177062
 0.169784  0.168816  0.167854  0.150477  0.102654  0.144083  0.161068  0.166057   0.16725  0.170496  0.169128  0.167391  0.167242  0.158546  0.149423  0.140334  0.158075  0.164079  0.165612  0.166335  0.170307  0.170026  0.169287  0.169175  0.168858  0.158654  0.157011   0.15993  0.166458   0.16427  0.165522  0.166521   0.17006  0.169546  0.172223   0.16752  0.162672  0.161804  0.169119   0.16415   0.16478  0.165973  0.167198  0.170609  0.171983   0.16771  0.167628  0.166152  0.167374   0.16481  0.165801  0.166626  0.171297  0.171429  0.171395  0.171538  0.174207  0.169894  0.167863  0.170043  0.165131  0.165561   0.16653  0.167725  0.171093  0.171259  0.173031  0.174947  0.174755   0.17177  0.170856  0.169883     0.167  0.167366  0.169072  0.172457  0.174484  0.173847  0.174542  0.173276  0.168878  0.169473  0.168483  0.168826  0.173061
 0.180379  0.179466  0.178785  0.166486  0.144083  0.115492  0.159427  0.165488  0.167263  0.170674  0.179727  0.178154  0.178278  0.171747   0.16516   0.14656  0.155948  0.163416  0.165606  0.166461  0.170522  0.180511    0.1798  0.179716  0.179549  0.170937  0.165597   0.16232  0.167103  0.164567  0.165703  0.166873  0.180496  0.179969  0.182537  0.177533  0.170922  0.168109  0.170624  0.164734  0.165278  0.166426  0.167648  0.180951  0.181824  0.175831  0.174257  0.169041   0.16851  0.165522  0.166373  0.167173  0.181589  0.181704  0.181582   0.18135   0.18322  0.176807  0.173015  0.171989  0.166054  0.166343  0.167176   0.16835  0.181294  0.181417  0.183027  0.184336  0.182429  0.176887  0.174548  0.171131  0.168045  0.168186  0.169802  0.182496  0.184329  0.181941  0.181554  0.177671  0.170498  0.170644  0.169369  0.169633  0.173807
 0.175601  0.174759  0.174425  0.167458  0.161068  0.159427  0.120838  0.137698  0.142655  0.146746  0.174956  0.173595  0.174062  0.170231  0.166855  0.157917  0.136038  0.137191  0.141013  0.142346  0.146733  0.175591  0.174926   0.17489  0.175104  0.169127  0.161615  0.150469  0.147069  0.141505  0.141874  0.143591  0.175514  0.174982  0.177487  0.172366  0.164614   0.15979   0.15208  0.142651  0.142689    0.1435  0.144688  0.175849  0.176168  0.168348  0.164879  0.152739  0.147915  0.143563  0.143832  0.144528  0.176408    0.1765  0.176269  0.175549  0.176349  0.167017  0.160372  0.152922  0.144594  0.144455  0.144831  0.145929  0.175989  0.176051  0.177432  0.177865   0.17338  0.163546  0.158591  0.150278  0.146743  0.146316  0.147683  0.176961   0.17851  0.173497  0.171376  0.162932  0.150369  0.149594  0.147661  0.147719  0.151729
 0.179279  0.178442  0.178134  0.171539  0.166057  0.165488  0.137698  0.136012  0.143826  0.148251  0.178634  0.177289  0.177782  0.174151  0.171008    0.1629  0.141831  0.140708  0.142314  0.143796  0.148296  0.179258  0.178596  0.178565  0.178813  0.173049  0.165473  0.154011  0.149799  0.143612  0.143509   0.14535  0.179176  0.178644  0.181147  0.176027  0.168239  0.163312  0.154775   0.14489  0.144753  0.145376  0.146538  0.179502  0.179783  0.171844  0.168245  0.155533  0.150299  0.145725  0.145811  0.146466  0.180054  0.180145  0.179905  0.179148  0.179866   0.17031  0.163432  0.155399  0.146806  0.146583  0.146842  0.147916  0.179626  0.179682  0.181046  0.181409  0.176714  0.166512  0.161319  0.152525  0.148937  0.148417  0.149735   0.18058  0.182106  0.176879  0.174613  0.165765  0.152682  0.151811  0.149788   0.14981  0.153789
 0.179586  0.178753  0.178465  0.172142   0.16725  0.167263  0.142655  0.143826   0.13548  0.143861  0.178941  0.177608  0.178121  0.174642  0.171671  0.164158  0.144586   0.14389   0.13984  0.139532  0.144408  0.179557  0.178898   0.17887  0.179148  0.173551  0.165977  0.154529  0.149942  0.143088  0.141138  0.142788  0.179471   0.17894  0.181442  0.176329  0.168546  0.163581  0.154607  0.144286  0.143685  0.143387  0.144355   0.17979  0.180044  0.172031  0.168348  0.155241  0.149709  0.144754  0.144205  0.144652  0.180337  0.180426  0.180181  0.179395   0.18005  0.170326   0.16327  0.154751  0.145842  0.145418   0.14528  0.146257  0.179901  0.179954  0.181303  0.181611  0.176746  0.166228  0.160818  0.151513  0.147839  0.147103  0.148277  0.180841  0.182349  0.176948   0.17456  0.165351  0.151722  0.150733  0.148531  0.148462  0.152354
 0.182546  0.181715  0.181434  0.175202  0.170496  0.170674  0.146746  0.148251  0.143861  0.135314  0.181902  0.180573  0.181093  0.177665  0.174752  0.167431  0.148342  0.147833  0.144256  0.142081  0.140938  0.182514  0.181856   0.18183  0.182119   0.17658  0.169017  0.157628  0.153001  0.146086  0.143788  0.143838  0.182427  0.181896  0.184399   0.17929  0.171516  0.166549  0.157503  0.147072   0.14626  0.145119  0.145751  0.182744  0.182989  0.174954  0.171248  0.158029  0.152416  0.147288  0.146257  0.146465  0.183289  0.183378   0.18313  0.182335  0.182968  0.173187  0.166073  0.157386  0.148338  0.147787  0.147322  0.148197   0.18285  0.182902  0.184246  0.184534  0.179608  0.168973  0.163476  0.153944  0.150221  0.149333   0.15039  0.183785  0.185286  0.179824   0.17739  0.168041  0.154169  0.153121    0.1508  0.150663  0.154486
 0.134237  0.134006  0.137508  0.151939  0.169128  0.179727  0.174956  0.178634  0.178941  0.181902  0.131978  0.135726  0.139172  0.149438  0.157565  0.171452  0.173403  0.176907  0.177345  0.177839  0.181649  0.136834  0.137512  0.139079  0.146558  0.154809  0.163315  0.172632  0.178145  0.175605  0.176944  0.177618  0.137953  0.139239   0.14634  0.149582  0.161074  0.166351  0.179518  0.175027  0.175692  0.176883  0.178104  0.140336  0.149036  0.159807  0.166251  0.173124  0.177261  0.175307  0.176485  0.177341   0.14061  0.141022  0.142471  0.146455  0.155181  0.162926  0.167436  0.177842   0.17514  0.175832  0.177044  0.178278  0.141373  0.141985  0.145114  0.151217  0.160963  0.168757  0.172722  0.178942  0.176596  0.177492  0.179395  0.144125  0.147476  0.157398  0.163392  0.172458  0.176807  0.178699  0.178451   0.17898  0.183352
 0.136443  0.134845  0.134128  0.149596  0.167391  0.178154  0.173595  0.177289  0.177608  0.180573  0.135726  0.129785  0.135588  0.147019  0.155528  0.169837   0.17202  0.175557  0.176011  0.176509  0.180322   0.13805  0.137483  0.138071  0.144867   0.15286  0.161789  0.171231  0.176802  0.174277  0.175615  0.176294  0.138696  0.139012  0.145366  0.148349  0.159705  0.164982  0.178185  0.173705   0.17437  0.175562  0.176783  0.140451   0.14831  0.158669   0.16503  0.171842  0.175952  0.173992  0.175168  0.176024  0.141147  0.141467  0.142502  0.146048  0.154528   0.16192  0.166299   0.17657  0.173834  0.174521   0.17573  0.176963  0.141716  0.142248   0.14521  0.151013  0.160283  0.167746  0.171592  0.177655  0.175299  0.176185  0.178084  0.144281  0.147535  0.156856  0.162641  0.171401  0.175546   0.17741  0.177147  0.177672  0.182042
 0.139862  0.138395  0.135359  0.148416  0.167242  0.178278  0.174062  0.177782  0.178121  0.181093  0.139172  0.135588  0.128377  0.145658  0.154876  0.169896  0.172451  0.176044  0.176523  0.177026  0.180843  0.141098   0.14031  0.140348  0.145301  0.152407  0.162022  0.171639  0.177299  0.174796  0.176134  0.176821  0.141574  0.141515  0.146966  0.149289  0.160215  0.165459    0.1787  0.174234    0.1749  0.176094  0.177316  0.143033  0.149985  0.159553  0.165751  0.172441  0.176503  0.174533  0.175705  0.176561  0.143857  0.144135  0.144936  0.148064  0.156149  0.162966  0.167126  0.177179  0.174388   0.17507  0.176272  0.177505  0.144306  0.144786  0.147615  0.153099  0.161768  0.168753  0.172417   0.17824  0.175868  0.176738  0.178632  0.146731  0.149884  0.158511  0.164019  0.172335   0.17617  0.177991  0.177705  0.178225   0.18259
  0.15011  0.148916  0.146793  0.133895  0.158546  0.171747  0.170231  0.174151  0.174642  0.177665  0.149438  0.147019  0.145658  0.115415  0.140693  0.162849  0.168348  0.172364  0.173035   0.17358  0.177428  0.150794  0.149967   0.14979  0.149718  0.141797  0.156847   0.16743  0.173713  0.171367  0.172702  0.173452  0.151024   0.15062  0.154104  0.152136  0.157551  0.162071  0.175273  0.170882  0.171556  0.172759  0.173983  0.151972  0.155866  0.159628  0.164236   0.16968  0.173322  0.171268  0.172414  0.173265  0.152802  0.153004  0.153344  0.155016   0.16078  0.163619  0.166097  0.174444  0.171225  0.171858  0.173017  0.174242  0.152939  0.153271  0.155626   0.15964  0.164966  0.168811  0.171201  0.175301  0.172807  0.173563  0.175417  0.154888   0.15758  0.162628  0.166472  0.171862  0.173506  0.175018  0.174565  0.175045  0.179382
 0.158229  0.157162  0.155703  0.133907  0.149423   0.16516  0.166855  0.171008  0.171671  0.174752  0.157565  0.155528  0.154876  0.140693  0.115415  0.155563  0.164662  0.169166  0.170054  0.170646  0.174527  0.158669  0.157877  0.157713  0.157096  0.142672  0.153261  0.163808  0.170656  0.168457  0.169783  0.170602   0.15879  0.158303  0.161205  0.157251  0.157073  0.159967  0.172437   0.16806  0.168738  0.169948  0.171173  0.159513  0.161892  0.161298  0.164023  0.167605  0.170699  0.168537  0.169651  0.170496  0.160287  0.160451   0.16058  0.161423  0.165586  0.165093  0.165869  0.172301  0.168603  0.169182  0.170291  0.171509  0.160247  0.160493  0.162554  0.165544  0.168308  0.169369   0.17054  0.172908  0.170287  0.170924  0.172734  0.161901  0.164271  0.166655   0.16913  0.171884  0.171386  0.172587  0.171962    0.1724  0.176706
 0.172105  0.171179  0.170434  0.157588  0.140334   0.14656  0.157917    0.1629  0.164158  0.167431  0.171452  0.169837  0.169896  0.162849  0.155563  0.120767  0.154532  0.160866  0.162512   0.16326  0.167249  0.172266  0.171543  0.171444  0.171134  0.161731  0.156064   0.15597  0.163171   0.16119  0.162452   0.16349  0.172263  0.171733  0.174288  0.169215  0.162532  0.160182  0.166046  0.161116  0.161758  0.162962   0.16419  0.172741  0.173695  0.167977  0.166844   0.16371  0.164473  0.161841  0.162818  0.163641  0.173399  0.173519  0.173419  0.173286  0.175385  0.169651  0.166632  0.167479  0.162232  0.162629   0.16357  0.164761  0.173132  0.173268   0.17493  0.176444  0.175169  0.170771   0.16916  0.167128  0.164167  0.164458  0.166138  0.174386  0.176286  0.174538  0.174597   0.17195  0.166289  0.166694  0.165598  0.165916  0.170132
 0.174049    0.1732  0.172831  0.165383  0.158075  0.155948  0.136038  0.141831  0.144586  0.148342  0.173403   0.17202  0.172451  0.168348  0.164662  0.154532  0.120822   0.13867  0.142873  0.144014  0.148266  0.174055  0.173383  0.173342    0.1735  0.167215   0.15967  0.148528    0.1468  0.142512  0.143371  0.144907  0.173984  0.173451  0.175956  0.170822   0.16306  0.158321  0.151927  0.143375  0.143658  0.144676  0.145889  0.174331  0.174699   0.16702  0.163718  0.152459   0.14835  0.144364  0.144873  0.145618    0.1749  0.174994  0.174775  0.174106  0.175021  0.166004  0.159703  0.153197  0.145305   0.14529  0.145825  0.146951  0.174495  0.174563  0.175971  0.176505  0.172327  0.163053  0.158469  0.150921  0.147471  0.147181  0.148618  0.175493  0.177075  0.172375  0.170472  0.162648  0.150907  0.150284  0.148488  0.148598  0.152652
 0.177552  0.176714  0.176399  0.169719  0.164079  0.163416  0.137191  0.140708   0.14389  0.147833  0.176907  0.175557  0.176044  0.172364  0.169166  0.160866   0.13867  0.136034  0.142142  0.143445  0.147798  0.177534  0.176871  0.176838  0.177076  0.171255  0.163661  0.152119  0.148016  0.142283  0.142876   0.14459  0.177453  0.176921  0.179423    0.1743  0.166501  0.161576  0.153174  0.143504  0.143576  0.144468  0.145669  0.177781   0.17807  0.170153  0.166578  0.154001  0.148883  0.144477  0.144783  0.145494  0.178335  0.178426  0.178189  0.177441   0.17818   0.16868  0.161863  0.154011  0.145543  0.145399  0.145789  0.146892   0.17791  0.177968  0.179336  0.179718  0.175083  0.164993   0.15988  0.151277  0.147721  0.147279  0.148645  0.178868  0.180401  0.175234  0.173012  0.164294  0.151414  0.150587  0.148629  0.148683  0.152691
  0.17799  0.177157  0.176867  0.170529  0.165612  0.165606  0.141013  0.142314   0.13984  0.144256  0.177345  0.176011  0.176523  0.173035  0.170054  0.162512  0.142873  0.142142  0.135983  0.139428  0.144386  0.177961  0.177302  0.177274   0.17755  0.171942  0.164362  0.152884   0.14827  0.141348  0.139529  0.141853  0.177875  0.177344  0.179846  0.174733  0.166945  0.161976  0.152984  0.142666  0.142128  0.142178  0.143267  0.178195   0.17845  0.170439  0.166759  0.153663  0.148136  0.143229  0.142866  0.143406  0.178742  0.178832  0.178587  0.177803  0.178461  0.168746    0.1617  0.153211  0.144338  0.143959  0.143945  0.144962  0.178307   0.17836   0.17971  0.180021  0.175169  0.164675  0.159283  0.150038   0.14638  0.145699  0.146916  0.179247  0.180757  0.175368  0.172989  0.163811  0.150244  0.149273  0.147112  0.147069  0.150986
 0.178483  0.177652  0.177368  0.171104  0.166335  0.166461  0.142346  0.143796  0.139532  0.142081  0.177839  0.176509  0.177026   0.17358  0.170646   0.16326  0.144014  0.143445  0.139428  0.135387  0.142353  0.178453  0.177794  0.177767  0.178052  0.172493  0.164923  0.153502   0.14887  0.141918  0.139258  0.140797  0.178366  0.177835  0.180337  0.175227  0.167448  0.162479  0.153439  0.143029  0.142283   0.14162   0.14252  0.178684  0.178932  0.170903  0.167204  0.154019  0.148427  0.143364  0.142583  0.142951  0.179229  0.179318  0.179071  0.178279   0.17892  0.169159  0.162065  0.153437  0.144444  0.143953  0.143671  0.144612  0.178791  0.178844   0.18019  0.180484  0.175581   0.16499  0.159526  0.150089  0.146389  0.145581  0.146704  0.179728  0.181232  0.175792  0.173375   0.16408  0.150309  0.149288  0.147028  0.146928  0.150789
 0.182294  0.181463  0.181183  0.174972  0.170307  0.170522  0.146733  0.148296  0.144408  0.140938  0.181649  0.180322  0.180843  0.177428  0.174527  0.167249  0.148266  0.147798  0.144386  0.142353  0.135275  0.182261  0.181604  0.181578  0.181869  0.176344  0.168784  0.157412  0.152782  0.145871  0.143641  0.143031  0.182174  0.181643  0.184146  0.179038  0.171266    0.1663  0.157244  0.146794  0.145939  0.144546  0.145032   0.18249  0.182734  0.174694  0.170983   0.15774  0.152111  0.146944  0.145775  0.145899  0.183035  0.183123  0.182875  0.182078  0.182706  0.172913  0.165785   0.15706  0.147978  0.147395  0.146829   0.14767  0.182595  0.182647   0.18399  0.184273  0.179333   0.16867  0.163153  0.153564  0.149827  0.148896  0.149917  0.183529  0.185029  0.179552  0.177107  0.167725  0.153792  0.152728  0.150374  0.150217  0.154019
 0.137246  0.137355    0.1399  0.153248  0.170026  0.180511  0.175591  0.179258  0.179557  0.182514  0.136834   0.13805  0.141098  0.150794  0.158669  0.172266  0.174055  0.177534  0.177961  0.178453  0.182261  0.133263  0.138018  0.139896  0.147493  0.155858  0.164074  0.173298  0.178768  0.176219  0.177558  0.178227  0.136629  0.139389  0.146837  0.150188  0.161729     0.167  0.180135  0.175636    0.1763   0.17749  0.178711   0.13999  0.149301  0.160302  0.166795  0.173705  0.177861  0.175911  0.177089  0.177946  0.139595  0.140135  0.142099  0.146461  0.155335  0.163313  0.167916  0.178416  0.175738  0.176432  0.177647  0.178881  0.140597  0.141301  0.144608   0.15098  0.161105  0.169141  0.173193  0.179524  0.177187  0.178089  0.179995  0.143554  0.146995  0.157429  0.163582  0.172875  0.177372  0.179284  0.179047  0.179577  0.183951
 0.138256  0.137699  0.139458   0.15246  0.169287    0.1798  0.174926  0.178596  0.178898  0.181856  0.137512  0.137483   0.14031  0.149967  0.157877  0.171543  0.173383  0.176871  0.177302  0.177794  0.181604  0.138018  0.133773   0.13795  0.146386  0.155021  0.163335  0.172616  0.178105   0.17556  0.176899   0.17757  0.138031  0.137767  0.145731  0.149286  0.161001  0.166304  0.179472  0.174979  0.175643  0.176834  0.178055  0.139522  0.148506  0.159621  0.166131  0.173053  0.177207  0.175256  0.176434  0.177291  0.140674  0.140926   0.14194  0.145905  0.154785  0.162721  0.167299  0.177771  0.175085  0.175778  0.176992  0.178226  0.141227  0.141766    0.1448  0.150864  0.160678  0.168582  0.172595  0.178878  0.176537  0.177437  0.179342  0.143849  0.147181  0.157099  0.163137  0.172303  0.176733  0.178637  0.178395  0.178925  0.183298
 0.139802  0.139012  0.140017  0.152343  0.169175  0.179716   0.17489  0.178565   0.17887   0.18183  0.139079  0.138071  0.140348   0.14979  0.157713  0.171444  0.173342  0.176838  0.177274  0.177767  0.181578  0.139896   0.13795  0.133834  0.145555  0.154763  0.163202   0.17256  0.178073  0.175533  0.176873  0.177545  0.139932  0.138409  0.144995  0.148876  0.160872  0.166224   0.17944  0.174954  0.175619   0.17681  0.178031  0.140715  0.148345  0.159554  0.166089  0.173033  0.177185  0.175233  0.176411  0.177268  0.142132  0.142328  0.142789  0.146115  0.154918  0.162774  0.167321   0.17776  0.175065  0.175758   0.17697  0.178204  0.142472  0.142917  0.145742   0.15149  0.160939  0.168677  0.172641  0.178865  0.176521  0.177417  0.179321  0.144869  0.148098   0.15747  0.163372  0.172383  0.176731  0.178624  0.178376  0.178905  0.183277
  0.14724  0.146304  0.146039  0.152783  0.168858  0.179549  0.175104  0.178813  0.179148  0.182119  0.146558  0.144867  0.145301  0.149718  0.157096  0.171134    0.1735  0.177076   0.17755  0.178052  0.181869  0.147493  0.146386  0.145555  0.126412  0.152623  0.162317  0.172553  0.178301  0.175818   0.17716  0.177847  0.147543  0.146549  0.146967  0.145264  0.159984  0.165917  0.179668  0.175252  0.175923  0.177119  0.178341  0.148093  0.151079  0.159536  0.166202  0.173373  0.177511  0.175555  0.176731  0.177587   0.14924  0.149397  0.149433  0.150958  0.157852  0.163919   0.16807  0.178191  0.175412  0.176095  0.177299  0.178531  0.149314  0.149624  0.152014  0.156553  0.163751  0.170077  0.173589   0.17928    0.1769  0.177766   0.17966  0.151285  0.154142  0.160931  0.165893  0.173626  0.177233   0.17903  0.178735  0.179253  0.183618
 0.155474  0.154442  0.153262  0.144677  0.158654  0.170937  0.169127  0.173049  0.173551   0.17658  0.154809   0.15286  0.152407  0.141797  0.142672  0.161731  0.167215  0.171255  0.171942  0.172493  0.176344  0.155858  0.155021  0.154763  0.152623  0.119785  0.153126  0.165889  0.172539  0.170272  0.171615  0.172374  0.155956  0.155382  0.157828  0.152721  0.154597  0.159818  0.174047   0.16979  0.170475  0.171687  0.172911  0.156625  0.158621  0.158647  0.162793  0.168522  0.172238  0.170199  0.171348    0.1722  0.157455  0.157613  0.157698  0.158502  0.162838    0.1635  0.165414  0.173451  0.170176  0.170805  0.171958  0.173183  0.157415  0.157663  0.159751  0.162926  0.166411  0.168831  0.170751  0.174319  0.171792  0.172522  0.174367  0.159096  0.161528  0.164593  0.167594  0.171716  0.172612   0.17403  0.173532  0.174003  0.178333
 0.163968  0.163072  0.162521  0.155069  0.157011  0.165597  0.161615  0.165473  0.165977  0.169017  0.163315  0.161789  0.162022  0.156847  0.153261  0.156064   0.15967  0.163661  0.164362  0.164923  0.168784  0.164074  0.163335  0.163202  0.162317  0.153126  0.120822  0.156039  0.164553  0.162657  0.164042  0.164829  0.164047   0.16346  0.165664  0.159297  0.145707    0.1459   0.16571  0.162165  0.162905  0.164154  0.165383  0.164465  0.164759  0.156463   0.15567  0.160452  0.164601  0.162659  0.163835  0.164689  0.165154  0.165266  0.165107  0.164785  0.166593  0.160898  0.159812  0.166174  0.162708  0.163326   0.16447  0.165693  0.164868  0.164996  0.166646  0.168199  0.167441  0.165341  0.165533  0.167103  0.164454  0.165092  0.166909  0.166112  0.168033   0.16677  0.167515  0.167558  0.165724  0.166794  0.166132  0.166571   0.17088
 0.173279  0.172424  0.172034  0.164733   0.15993   0.16232  0.150469  0.154011  0.154529  0.157628  0.172632  0.171231  0.171639   0.16743  0.163808   0.15597  0.148528  0.152119  0.152884  0.153502  0.157412  0.173298  0.172616   0.17256  0.172553  0.165889  0.156039  0.120822  0.150152   0.15101  0.152608  0.153528  0.173233   0.17269  0.175135  0.169764  0.160643  0.154054  0.151669  0.150526  0.151509  0.152916  0.154165  0.173588  0.173903  0.165752  0.162024  0.152884   0.15352  0.151459  0.152693  0.153557  0.174177  0.174274   0.17406  0.173429  0.174443  0.165655   0.15997  0.157491  0.151891  0.152381  0.153442  0.154654  0.173789  0.173866  0.175311  0.176006  0.172407  0.164686   0.16143  0.157138  0.154054  0.154313  0.156006  0.174825  0.176462  0.172357  0.170985  0.165117  0.156676  0.156699  0.155468  0.155779  0.159999
  0.17879  0.177954  0.177651    0.1712  0.166458  0.167103  0.147069  0.149799  0.149942  0.153001  0.178145  0.176802  0.177299  0.173713  0.170656  0.163171    0.1468  0.148016   0.14827   0.14887  0.152782  0.178768  0.178105  0.178073  0.178301  0.172539  0.164553  0.150152  0.136042  0.145903  0.147918  0.148897  0.178686  0.178152  0.180642  0.175478   0.16742    0.1621  0.151442  0.145352  0.146668  0.148299  0.149575   0.17901  0.179268  0.171188  0.167428  0.154347  0.149539  0.146787  0.148124   0.14901  0.179564  0.179655  0.179414  0.178651  0.179359  0.169749   0.16285  0.155302  0.147583  0.147946   0.14896   0.15017  0.179136  0.179193  0.180558  0.180929  0.176281  0.166289  0.161341  0.153424  0.150034  0.150012  0.151617  0.180091  0.181621  0.176444  0.174243   0.16573  0.153515  0.152873   0.15125  0.151468  0.155625
  0.17625  0.175419  0.175137  0.168911   0.16427  0.164567  0.141505  0.143612  0.143088  0.146086  0.175605  0.174277  0.174796  0.171367  0.168457   0.16119  0.142512  0.142283  0.141348  0.141918  0.145871  0.176219   0.17556  0.175533  0.175818  0.170272  0.162657   0.15101  0.145903  0.136042  0.140781  0.142045  0.176131    0.1756  0.178101  0.172985   0.16517  0.160147  0.150624  0.139686  0.139638  0.141558  0.142887  0.176449  0.176691  0.168636  0.164902   0.15154  0.145767  0.140947  0.141625  0.142493  0.176994  0.177083  0.176835   0.17604  0.176675  0.166888  0.159761   0.15107  0.142223  0.142066  0.142656  0.143822  0.176556  0.176608  0.177953  0.178245  0.173337  0.162758  0.157329  0.148111  0.144511  0.144079  0.145493  0.177491  0.178994   0.17355  0.171136  0.161887  0.148349  0.147415  0.145428  0.145498  0.149532
 0.177589  0.176757  0.176476  0.170236  0.165522  0.165703  0.141874  0.143509  0.141138  0.143788  0.176944  0.175615  0.176134  0.172702  0.169783  0.162452  0.143371  0.142876  0.139529  0.139258  0.143641  0.177558  0.176899  0.176873   0.17716  0.171615  0.164042  0.152608  0.147918  0.140781  0.135796   0.14047   0.17747  0.176939  0.179442  0.174331   0.16655  0.161575  0.152466  0.141971  0.141129  0.140803  0.141963  0.177788  0.178033  0.169997  0.166289  0.153058  0.147426   0.14232  0.141651  0.142158  0.178333  0.178422  0.178174   0.17738  0.178015  0.168239  0.161128  0.152454   0.14344  0.142957  0.142782  0.143776  0.177894  0.177946  0.179291  0.179581  0.174665  0.164049  0.158572  0.149115  0.145419  0.144642  0.145803   0.17883  0.180332  0.174878  0.172452  0.163133  0.149342   0.14832  0.146081  0.145999  0.149882
 0.178262  0.177433  0.177159  0.171027  0.166521  0.166873  0.143591   0.14535  0.142788  0.143838  0.177618  0.176294  0.176821  0.173452  0.170602   0.16349  0.144907   0.14459  0.141853  0.140797  0.143031  0.178227   0.17757  0.177545  0.177847  0.172374  0.164829  0.153528  0.148897  0.142045   0.14047  0.135314  0.178139  0.177608  0.180111  0.175007  0.167247  0.162284    0.1532  0.142689  0.141673  0.139021  0.139244  0.178453  0.178689  0.170631  0.166902  0.153571  0.147884   0.14256  0.140787  0.140588  0.178995  0.179084  0.178834  0.178028  0.178637  0.168794  0.161615  0.152744  0.143528  0.142804  0.141821  0.142532  0.178554  0.178604  0.179943  0.180208  0.175213  0.164441  0.158842  0.149027  0.145235  0.144122  0.144997  0.179483  0.180977  0.175443  0.172957  0.163442  0.149266   0.14814  0.145647  0.145406  0.149122
  0.13848  0.138351  0.140563  0.153457   0.17006  0.180496  0.175514  0.179176  0.179471  0.182427  0.137953  0.138696  0.141574  0.151024   0.15879  0.172263  0.173984  0.177453  0.177875  0.178366  0.182174  0.136629  0.138031  0.139932  0.147543  0.155956  0.164047  0.173233  0.178686  0.176131   0.17747  0.178139   0.13409  0.139045   0.14669  0.150093  0.161659  0.166927  0.180049  0.175547   0.17621  0.177401  0.178622  0.139313  0.149051  0.160162  0.166677  0.173604  0.177768  0.175819  0.176999  0.177856  0.139045  0.139436  0.141553    0.1461  0.155049  0.163129  0.167771  0.178311  0.175644  0.176339  0.177555   0.17879   0.14001   0.14072  0.144074  0.150545   0.16082  0.168958  0.173046  0.179424   0.17709  0.177996  0.179903  0.143003  0.146476  0.157101  0.163319  0.172706  0.177265  0.179185  0.178952  0.179484  0.183858
 0.139909  0.139378  0.140887  0.153072  0.169546  0.179969  0.174982  0.178644   0.17894  0.181896  0.139239  0.139012  0.141515   0.15062  0.158303  0.171733  0.173451  0.176921  0.177344  0.177835  0.181643  0.139389  0.137767  0.138409  0.146549  0.155382   0.16346   0.17269  0.178152    0.1756  0.176939  0.177608  0.139045  0.133705  0.145197  0.149106  0.161025  0.166348  0.179513  0.175016  0.175679   0.17687  0.178091  0.138709  0.147925  0.159509  0.166091  0.173066  0.177236  0.175289  0.176468  0.177325  0.141096  0.141197  0.141353  0.145255  0.154383  0.162582  0.167236  0.177782  0.175114  0.175809  0.177025  0.178259  0.141332  0.141749  0.144599  0.150561  0.160439  0.168474   0.17254  0.178897  0.176561  0.177466  0.179373   0.14372  0.147009   0.15685  0.162937  0.172218  0.176741  0.178657  0.178423  0.178954  0.183328
 0.147007  0.146283   0.14697   0.15655  0.172223  0.182537  0.177487  0.181147  0.181442  0.184399   0.14634  0.145366  0.146966  0.154104  0.161205  0.174288  0.175956  0.179423  0.179846  0.180337  0.184146  0.146837  0.145731  0.144995  0.146967  0.157828  0.165664  0.175135  0.180642  0.178101  0.179442  0.180111   0.14669  0.145197  0.133965  0.147851  0.162912  0.168577  0.181987  0.177516  0.178182  0.179373  0.180595  0.146667  0.147924   0.16129  0.168268  0.175524  0.179733  0.177792  0.178972   0.17983  0.148084  0.148172  0.147646  0.148411   0.15675   0.16499  0.169693  0.180283  0.177619  0.178314   0.17953  0.180764  0.147973  0.148203  0.150477  0.155235  0.163636  0.171187  0.175151  0.181413  0.179072  0.179973  0.181879   0.14981  0.152729  0.160492  0.166082  0.174914  0.179274  0.181173  0.180931  0.181461  0.185835
 0.150241  0.149441  0.149585  0.154184   0.16752  0.177533  0.172366  0.176027  0.176329   0.17929  0.149582  0.148349  0.149289  0.152136  0.157251  0.169215  0.170822    0.1743  0.174733  0.175227  0.179038  0.150188  0.149286  0.148876  0.145264  0.152721  0.159297  0.169764  0.175478  0.172985  0.174331  0.175007  0.150093  0.149106  0.147851  0.119949  0.155266  0.162377  0.176769    0.1724  0.173074  0.174272  0.175494  0.150271  0.146529  0.153673  0.162005  0.170284  0.174613  0.172691  0.173876  0.174733  0.151294  0.151388   0.15099  0.150418  0.154409  0.159922  0.164577  0.175206  0.172531  0.173225  0.174438  0.175673  0.151067  0.151233  0.153157  0.156326  0.161274  0.167028  0.170552  0.176378  0.174012  0.174894  0.176794  0.152582   0.15503  0.159137  0.163376  0.170643  0.174314  0.176135  0.175858  0.176382  0.180751
 0.161724   0.16088  0.160605  0.157172  0.162672  0.170922  0.164614  0.168239  0.168546  0.171516  0.161074  0.159705  0.160215  0.157551  0.157073  0.162532   0.16306  0.166501  0.166945  0.167448  0.171266  0.161729  0.161001  0.160872  0.159984  0.154597  0.145707  0.160643   0.16742   0.16517   0.16655  0.167247  0.161659  0.161025  0.162912  0.155266  0.120822  0.146573  0.168339  0.164573  0.165293  0.166523  0.167749  0.161976  0.161288  0.146965  0.148349  0.161621  0.166726   0.16493  0.166141  0.167002  0.162659  0.162755  0.162495  0.161754  0.162678  0.155911  0.157273  0.167509  0.164824  0.165516  0.166726  0.167959  0.162306  0.162403  0.163953  0.165214  0.164155  0.163614  0.165107   0.16891  0.166431  0.167232  0.169107  0.163453  0.165293  0.163667  0.164692  0.166551  0.167188  0.168656  0.168223  0.168718  0.173068
 0.166999  0.166154  0.165841  0.160582  0.161804  0.168109   0.15979  0.163312  0.163581  0.166549  0.166351  0.164982  0.165459  0.162071  0.159967  0.160182  0.158321  0.161576  0.161976  0.162479    0.1663     0.167  0.166304  0.166224  0.165917  0.159818    0.1459  0.154054    0.1621  0.160147  0.161575  0.162284  0.166927  0.166348  0.168577  0.162377  0.146573  0.120822  0.162314  0.159506  0.160291  0.161563  0.162794  0.167256  0.167125  0.155944  0.148702  0.155288   0.16154  0.159936   0.16119  0.162057  0.167875   0.16797  0.167727  0.166998  0.167825  0.158447  0.155012  0.162591   0.15988  0.160579  0.161794  0.163028   0.16749   0.16757  0.169035  0.169876  0.167111  0.162808  0.162466  0.164216  0.161622  0.162345  0.164198   0.16855  0.170245  0.166987  0.166643  0.164963   0.16283  0.163949  0.163362   0.16383  0.168164
 0.180163   0.17933  0.179045  0.172929  0.169119  0.170624   0.15208  0.154775  0.154607  0.157503  0.179518  0.178185    0.1787  0.175273  0.172437  0.166046  0.151927  0.153174  0.152984  0.153439  0.157244  0.180135  0.179472   0.17944  0.179668  0.174047   0.16571  0.151669  0.151442  0.150624  0.152466    0.1532  0.180049  0.179513  0.181987  0.176769  0.168339  0.162314  0.136042  0.149448  0.150854   0.15247   0.15374  0.180367  0.180573   0.17221  0.168044  0.152519  0.151221  0.150524  0.152123  0.153038   0.18092  0.181009  0.180762  0.179972  0.180619  0.170761  0.163584  0.157082  0.150922   0.15159  0.152844  0.154085  0.180487  0.180541  0.181899  0.182245  0.177558  0.167728  0.163124  0.156565  0.153367  0.153645  0.155379  0.181435  0.182957  0.177747  0.175577  0.167455  0.156484  0.156132  0.154801  0.155125  0.159366
 0.175672  0.174842  0.174571  0.168484   0.16415  0.164734  0.142651   0.14489  0.144286  0.147072  0.175027  0.173705  0.174234  0.170882   0.16806  0.161116  0.143375  0.143504  0.142666  0.143029  0.146794  0.175636  0.174979  0.174954  0.175252   0.16979  0.162165  0.150526  0.145352  0.139686  0.141971  0.142689  0.175547  0.175016  0.177516    0.1724  0.164573  0.159506  0.149448  0.136042  0.139636  0.141926  0.143252  0.175861  0.176089  0.167984   0.16419  0.150487  0.144311  0.139666  0.141602  0.142582  0.176403  0.176492  0.176241  0.175432  0.176034  0.166154  0.158917  0.149889  0.141059  0.141288  0.142467  0.143715  0.175962  0.176012   0.17735  0.177615  0.172628  0.161919   0.15642  0.147196  0.143671  0.143537  0.145142   0.17689  0.178385  0.172861  0.170395  0.161025   0.14748  0.146587  0.144808  0.145001  0.149151
 0.176336  0.175507  0.175236  0.169155   0.16478  0.165278  0.142689  0.144753  0.143685   0.14626  0.175692   0.17437    0.1749  0.171556  0.168738  0.161758  0.143658  0.143576  0.142128  0.142283  0.145939    0.1763  0.175643  0.175619  0.175923  0.170475  0.162905  0.151509  0.146668  0.139638  0.141129  0.141673   0.17621  0.175679  0.178182  0.173074  0.165293  0.160291  0.150854  0.139636  0.136042   0.14079  0.142238  0.176524  0.176753   0.16867  0.164906  0.151388  0.145474  0.139633  0.140503  0.141598  0.177065  0.177154  0.176903  0.176092   0.17669  0.166812  0.159585  0.150557  0.141294   0.14088  0.141616  0.142865  0.176623  0.176672  0.178009  0.178267  0.173253  0.162464  0.156875  0.147235  0.143565  0.143044  0.144475   0.17755  0.179042  0.173489  0.170995  0.161491  0.147523  0.146494  0.144418  0.144474  0.148511
 0.177527  0.176698  0.176429  0.170359  0.165973  0.166426    0.1435  0.145376  0.143387  0.145119  0.176883  0.175562  0.176094  0.172759  0.169948  0.162962  0.144676  0.144468  0.142178   0.14162  0.144546   0.17749  0.176834   0.17681  0.177119  0.171687  0.164154  0.152916  0.148299  0.141558  0.140803  0.139021  0.177401   0.17687  0.179373  0.174272  0.166523  0.161563   0.15247  0.141926   0.14079  0.135326  0.139087  0.177713  0.177943  0.169873   0.16613  0.152734  0.147006  0.141542  0.138987  0.138996  0.178254  0.178342  0.178091  0.177278  0.177872  0.167992  0.160774  0.151789  0.142458    0.1416  0.140335  0.141157  0.177811   0.17786  0.179196  0.179447  0.174409  0.163552   0.15789  0.147895   0.14406  0.142822  0.143641  0.178736  0.180226  0.174648   0.17213  0.162512  0.148145   0.14697  0.144382  0.144095  0.147775
 0.178748   0.17792  0.177651  0.171583  0.167198  0.167648  0.144688  0.146538  0.144355  0.145751  0.178104  0.176783  0.177316  0.173983  0.171173   0.16419  0.145889  0.145669  0.143267   0.14252  0.145032  0.178711  0.178055  0.178031  0.178341  0.172911  0.165383  0.154165  0.149575  0.142887  0.141963  0.139244  0.178622  0.178091  0.180595  0.175494  0.167749  0.162794   0.15374  0.143252  0.142238  0.139087  0.135287  0.178934  0.179164  0.171095  0.167354  0.153973  0.148267  0.142866  0.140529  0.139235  0.179475  0.179563  0.179312  0.178498  0.179092  0.169211  0.161993  0.153014   0.14369  0.142831  0.141133  0.141395  0.179032  0.179081  0.180416  0.180666  0.175625  0.164757  0.159084  0.149038  0.145178  0.143787  0.144372  0.179957  0.181446  0.175864  0.173342  0.163707  0.149278   0.14808  0.145381  0.144995  0.148544
 0.140947  0.140566   0.14229  0.154361  0.170609  0.180951  0.175849  0.179502   0.17979  0.182744  0.140336  0.140451  0.143033  0.151972  0.159513  0.172741  0.174331  0.177781  0.178195  0.178684   0.18249   0.13999  0.139522  0.140715  0.148093  0.156625  0.164465  0.173588   0.17901  0.176449  0.177788  0.178453  0.139313  0.138709  0.146667  0.150271  0.161976  0.167256  0.180367  0.175861  0.176524  0.177713  0.178934  0.133818  0.148783  0.160335  0.166918  0.173894  0.178074  0.176129   0.17731  0.178167  0.140711  0.140588  0.140247  0.145625  0.154887  0.163256  0.167978  0.178598  0.175949  0.176647  0.177864  0.179099  0.140721  0.141096  0.144076  0.150434  0.160816  0.169109  0.173259  0.179719   0.17739  0.178301   0.18021  0.143148  0.146552   0.15708  0.163359  0.172883  0.177546  0.179481  0.179256   0.17979  0.184165
 0.149679  0.149038  0.149852  0.157874  0.171983  0.181824  0.176168  0.179783  0.180044  0.182989  0.149036   0.14831  0.149985  0.155866  0.161892  0.173695  0.174699   0.17807   0.17845  0.178932  0.182734  0.149301  0.148506  0.148345  0.151079  0.158621  0.164759  0.173903  0.179268  0.176691  0.178033  0.178689  0.149051  0.147925  0.147924  0.146529  0.161288  0.167125  0.180573  0.176089  0.176753  0.177943  0.179164  0.148783  0.129009  0.158329  0.166205  0.173945  0.178265  0.176346  0.177533  0.178391  0.149877  0.149907  0.148956  0.145749   0.15114  0.162346  0.167642  0.178711   0.17615  0.176857  0.178082  0.179319  0.149429  0.149493  0.151204  0.154425  0.161226  0.169079  0.173283  0.179898  0.177583  0.178508  0.180423  0.150737  0.153215  0.158575  0.163874  0.172937  0.177704  0.179666  0.179459  0.179998  0.184377
  0.16045  0.159682  0.159768  0.159985   0.16771  0.175831  0.168348  0.171844  0.172031  0.174954  0.159807  0.158669  0.159553  0.159628  0.161298  0.167977   0.16702  0.170153  0.170439  0.170903  0.174694  0.160302  0.159621  0.159554  0.159536  0.158647  0.156463  0.165752  0.171188  0.168636  0.169997  0.170631  0.160162  0.159509   0.16129  0.153673  0.146965  0.155944   0.17221  0.167984   0.16867  0.169873  0.171095  0.160335  0.158329  0.120586   0.14977  0.164879  0.170015  0.168229  0.169448  0.170311  0.160956  0.161027  0.160618  0.159116     0.158  0.149177  0.157023  0.170242  0.168006  0.168742  0.169991  0.171231  0.160478  0.160513  0.161848  0.162375  0.160278  0.162341  0.165626  0.171789  0.169467  0.170404  0.172326  0.161417  0.163048  0.160263  0.161612  0.166158  0.169694  0.171574  0.171353  0.171896  0.176279
 0.166894  0.166099  0.166023  0.163603  0.167628  0.174257  0.164879  0.168245  0.168348  0.171248  0.166251   0.16503  0.165751  0.164236  0.164023  0.166844  0.163718  0.166578  0.166759  0.167204  0.170983  0.166795  0.166131  0.166089  0.166202  0.162793   0.15567  0.162024  0.167428  0.164902  0.166289  0.166902  0.166677  0.166091  0.168268  0.162005  0.148349  0.148702  0.168044   0.16419  0.164906   0.16613  0.167354  0.166918  0.166205   0.14977  0.120946  0.159471  0.166009  0.164428   0.16569  0.166559  0.167487  0.167566  0.167236  0.166085  0.165855  0.150961    0.1501  0.165932  0.164177  0.164952   0.16623  0.167473  0.167017  0.167054  0.168367   0.16865  0.164635  0.161502  0.163003  0.168059  0.165703  0.166637  0.168562  0.167927  0.169454  0.165002  0.164534  0.164773  0.166167  0.167862   0.16759  0.168131  0.172516
