0 1.033333 0.86 0.693333 0.726667 1.56
1.033333 0 0.44 0.34 0.506667 0.673333
0.86 0.44 0 0.166667 0.333333 0.833333
0.693333 0.34 0.166667 0 0.166667 0.666667
0.726667 0.506667 0.333333 0.166667 0 0.5
1.56 0.673333 0.833333 0.666667 0.5 0
