0.128350 0.134268 0.138560 0.154070 0.173255 0.185384 0.182984 0.186721 0.186014 0.187949 0.135637 0.136680 0.141045 0.150312 0.160332 0.178523 0.180450 0.185297 0.185019 0.184829 0.187649 0.137959 0.139290 0.141266 0.148114 0.155604 0.165040 0.173418 0.180126 0.186495 0.184632 0.183932 0.184784 0.140686 0.141568 0.146113 0.150568 0.160960 0.168968 0.176498 0.185803 0.183754 0.184572 0.183568 0.186283 0.141602 0.143162 0.145870 0.146133 0.159116 0.166462 0.172207 0.182598 0.183208 0.184072 0.184018 0.184628 0.142827 0.146581 0.146514 0.152309 0.164484 0.170823 0.176935 0.183152 0.182388 0.184997 0.184661 0.146658 0.151015 0.158816 0.168709 0.175658 0.181213 0.183214 0.183880 0.185143 0.187595
0.134268 0.127628 0.134323 0.151397 0.171157 0.183397 0.181070 0.184818 0.184115 0.186053 0.135152 0.133762 0.138102 0.147741 0.158047 0.176519 0.178522 0.183393 0.183121 0.182933 0.185753 0.137914 0.138059 0.139368 0.146186 0.153557 0.163023 0.171447 0.178196 0.184594 0.182736 0.182038 0.182891 0.139914 0.140288 0.144574 0.148907 0.159143 0.167095 0.174608 0.183914 0.181865 0.182681 0.181677 0.184392 0.140855 0.142155 0.144633 0.144764 0.157537 0.164736 0.170395 0.180732 0.181327 0.182187 0.182131 0.182740 0.141902 0.145501 0.145312 0.150975 0.162918 0.169111 0.175127 0.181283 0.180509 0.183114 0.182776 0.145545 0.149809 0.157387 0.167097 0.173914 0.179369 0.181343 0.182002 0.183260 0.185711
0.138560 0.134323 0.127520 0.149484 0.170705 0.183209 0.181047 0.184821 0.184128 0.186070 0.138448 0.134704 0.136433 0.146300 0.157190 0.176293 0.178469 0.183392 0.183133 0.182951 0.185773 0.140480 0.139918 0.140269 0.146598 0.153376 0.162810 0.171309 0.178140 0.184604 0.182755 0.182060 0.182915 0.141864 0.141770 0.145666 0.149652 0.159412 0.167192 0.174647 0.183949 0.181898 0.182713 0.181708 0.184423 0.142746 0.143824 0.146051 0.145980 0.158295 0.165150 0.170607 0.180819 0.181379 0.182230 0.182170 0.182777 0.143619 0.147059 0.146719 0.152151 0.163645 0.169532 0.175339 0.181360 0.180566 0.183162 0.182819 0.147052 0.151184 0.158360 0.167713 0.174260 0.179500 0.181418 0.182058 0.183308 0.185755
0.154070 0.151397 0.149484 0.096585 0.154717 0.172011 0.172686 0.176890 0.176350 0.178360 0.153570 0.150480 0.149766 0.137854 0.137862 0.164695 0.169633 0.175400 0.175353 0.175263 0.178111 0.154371 0.153587 0.152688 0.154515 0.149258 0.153548 0.161736 0.169437 0.176787 0.175080 0.174445 0.175327 0.154650 0.153750 0.155985 0.155761 0.157718 0.161658 0.167617 0.176589 0.174465 0.175238 0.174222 0.176935 0.155039 0.155609 0.156947 0.155447 0.162116 0.163966 0.166157 0.174271 0.174253 0.174950 0.174812 0.175387 0.155302 0.158131 0.156876 0.159939 0.166081 0.167852 0.170619 0.174598 0.173496 0.175944 0.175521 0.157679 0.160730 0.163489 0.168458 0.171352 0.173527 0.174598 0.174977 0.176088 0.178474
0.173255 0.171157 0.170705 0.154717 0.099821 0.145124 0.157674 0.163474 0.163439 0.165663 0.172654 0.170046 0.170414 0.163478 0.153086 0.142994 0.153738 0.161872 0.162452 0.162632 0.165560 0.172894 0.172173 0.171235 0.172724 0.163263 0.156224 0.153135 0.156490 0.164050 0.162552 0.162051 0.163001 0.172653 0.171532 0.173212 0.170630 0.165118 0.160671 0.159967 0.165509 0.162724 0.163282 0.162202 0.164900 0.172677 0.173006 0.173874 0.171339 0.172447 0.167449 0.162956 0.165226 0.163366 0.163549 0.163158 0.163629 0.172532 0.174938 0.172898 0.173406 0.172955 0.168332 0.165137 0.164476 0.162609 0.164661 0.164016 0.174037 0.175940 0.173295 0.172131 0.168886 0.164990 0.164254 0.164023 0.164788 0.167015
0.185384 0.183397 0.183209 0.172011 0.145124 0.114353 0.150646 0.159067 0.159682 0.162157 0.184767 0.182268 0.182912 0.177705 0.169893 0.149333 0.148194 0.157596 0.158755 0.159212 0.162222 0.184887 0.184197 0.183306 0.184985 0.176260 0.168843 0.161619 0.157944 0.161089 0.159365 0.158917 0.159912 0.184535 0.183393 0.185030 0.182220 0.175589 0.168556 0.163514 0.164381 0.160420 0.160631 0.159439 0.162111 0.184462 0.184742 0.185511 0.182743 0.182438 0.175184 0.167409 0.165364 0.161807 0.161432 0.160759 0.161114 0.184211 0.186505 0.184239 0.183937 0.181166 0.173732 0.167158 0.163356 0.160893 0.162590 0.161737 0.185462 0.186984 0.182375 0.178664 0.172328 0.164804 0.162893 0.162211 0.162687 0.164773
0.182984 0.181070 0.181047 0.172686 0.157674 0.150646 0.123319 0.140509 0.142612 0.145573 0.182357 0.179931 0.180757 0.176705 0.170728 0.155335 0.139901 0.140718 0.142016 0.142813 0.145939 0.182399 0.181732 0.180881 0.182718 0.174715 0.167787 0.159976 0.151502 0.146672 0.143692 0.143059 0.144049 0.181974 0.180824 0.182448 0.179559 0.172464 0.164148 0.156008 0.151581 0.145928 0.145517 0.144081 0.146692 0.181834 0.182082 0.182789 0.179872 0.178656 0.169883 0.159580 0.153453 0.148071 0.146984 0.145902 0.146079 0.181510 0.183728 0.181304 0.180422 0.175947 0.166287 0.156752 0.149957 0.146861 0.148131 0.147010 0.182583 0.183825 0.177741 0.172023 0.163059 0.152223 0.149192 0.148035 0.148176 0.150088
0.186721 0.184818 0.184821 0.176890 0.163474 0.159067 0.140509 0.137818 0.142188 0.145717 0.186093 0.183678 0.184533 0.180663 0.174978 0.160678 0.145256 0.143590 0.142466 0.143214 0.146392 0.186123 0.185459 0.184614 0.186479 0.178603 0.171793 0.164032 0.155223 0.149059 0.145270 0.144027 0.144863 0.185686 0.184535 0.186158 0.183262 0.176114 0.167639 0.159077 0.153694 0.147665 0.146922 0.145242 0.147780 0.185535 0.185778 0.186476 0.183535 0.182179 0.173169 0.162458 0.155604 0.149864 0.148571 0.147301 0.147369 0.185199 0.187405 0.184955 0.183979 0.179224 0.169188 0.159125 0.151765 0.148524 0.149659 0.148431 0.186243 0.187440 0.181110 0.175049 0.165620 0.154163 0.150912 0.149637 0.149672 0.151521
0.186014 0.184115 0.184128 0.176350 0.163439 0.159682 0.142612 0.142188 0.135215 0.140913 0.185385 0.182975 0.183840 0.180038 0.174462 0.160626 0.145700 0.144186 0.140963 0.139541 0.142627 0.185411 0.184748 0.183906 0.185782 0.177958 0.171207 0.163515 0.154751 0.148458 0.144101 0.141854 0.142045 0.184970 0.183818 0.185441 0.182544 0.175385 0.166871 0.158193 0.152473 0.146299 0.145199 0.143090 0.145450 0.184815 0.185056 0.185750 0.182801 0.181394 0.172299 0.161437 0.154295 0.148399 0.146948 0.145450 0.145350 0.184474 0.186675 0.184216 0.183203 0.178339 0.168152 0.157868 0.150252 0.146918 0.147928 0.146576 0.185507 0.186686 0.180259 0.174059 0.164430 0.152687 0.149325 0.147961 0.147895 0.149675
0.187949 0.186053 0.186070 0.178360 0.165663 0.162157 0.145573 0.145717 0.140913 0.134934 0.187321 0.184912 0.185782 0.182011 0.176483 0.162858 0.148186 0.146813 0.143547 0.139920 0.140890 0.187344 0.186682 0.185842 0.187722 0.179923 0.173200 0.165547 0.156828 0.150554 0.146060 0.143171 0.142435 0.186901 0.185750 0.187372 0.184476 0.177313 0.168786 0.160065 0.154215 0.148000 0.146686 0.144190 0.146342 0.186744 0.186984 0.187677 0.184724 0.183295 0.174162 0.163235 0.155966 0.150000 0.148455 0.146786 0.146534 0.186402 0.188601 0.186137 0.185108 0.180194 0.169938 0.159549 0.151809 0.148420 0.149343 0.147895 0.187429 0.188600 0.182128 0.175864 0.166139 0.154254 0.150832 0.149412 0.149272 0.150998
0.135637 0.135152 0.138448 0.153570 0.172654 0.184767 0.182357 0.186093 0.185385 0.187321 0.132707 0.135908 0.140494 0.149765 0.159753 0.177908 0.179825 0.184670 0.184391 0.184201 0.187020 0.137456 0.138215 0.140474 0.147405 0.154969 0.164419 0.172796 0.179501 0.185867 0.184003 0.183303 0.184155 0.140021 0.140795 0.145375 0.149867 0.160306 0.168331 0.175867 0.185173 0.183125 0.183942 0.182939 0.185653 0.141025 0.142494 0.145166 0.145432 0.158441 0.165809 0.171567 0.181966 0.182577 0.183442 0.183388 0.183999 0.142202 0.145919 0.145835 0.151632 0.163821 0.170174 0.176296 0.182520 0.181757 0.184367 0.184031 0.145995 0.150344 0.158150 0.168054 0.175014 0.180578 0.182583 0.183250 0.184513 0.186965
0.136680 0.133762 0.134704 0.150480 0.170046 0.182268 0.179931 0.183678 0.182975 0.184912 0.135908 0.129763 0.136446 0.146608 0.156941 0.175389 0.177384 0.182253 0.181980 0.181793 0.184613 0.137861 0.136878 0.137506 0.144668 0.152317 0.161860 0.170302 0.177055 0.183454 0.181595 0.180897 0.181750 0.139165 0.139081 0.143197 0.147593 0.157936 0.165932 0.173460 0.182772 0.180723 0.181540 0.180536 0.183251 0.140127 0.141211 0.143508 0.143571 0.156348 0.163569 0.169242 0.179588 0.180185 0.181045 0.180990 0.181599 0.141033 0.144512 0.144244 0.149867 0.161776 0.167964 0.173982 0.180140 0.179367 0.181972 0.181635 0.144542 0.148758 0.156277 0.165961 0.172771 0.178226 0.180201 0.180860 0.182119 0.184569
0.141045 0.138102 0.136433 0.149766 0.170414 0.182912 0.180757 0.184533 0.183840 0.185782 0.140494 0.136446 0.127210 0.144909 0.156712 0.175980 0.178174 0.183103 0.182845 0.182664 0.185486 0.141831 0.140828 0.139576 0.145221 0.152618 0.162364 0.170966 0.177835 0.184314 0.182467 0.181774 0.182629 0.142631 0.141984 0.145371 0.149205 0.159003 0.166852 0.174341 0.183661 0.181612 0.182427 0.181422 0.184137 0.143423 0.144265 0.146206 0.145951 0.158093 0.164888 0.170330 0.180536 0.181095 0.181946 0.181885 0.182492 0.144115 0.147391 0.146912 0.152213 0.163519 0.169319 0.175083 0.181080 0.180284 0.182878 0.182535 0.147346 0.151382 0.158359 0.167573 0.174040 0.179233 0.181139 0.181776 0.183024 0.185471
0.150312 0.147741 0.146300 0.137854 0.163478 0.177705 0.176705 0.180663 0.180038 0.182011 0.149765 0.146608 0.144909 0.116557 0.145011 0.170426 0.173893 0.179203 0.179041 0.178902 0.181736 0.150539 0.149665 0.148446 0.148879 0.145718 0.156285 0.165890 0.173491 0.180481 0.178708 0.178043 0.178912 0.150804 0.149811 0.151915 0.152277 0.157024 0.163530 0.170672 0.180013 0.177958 0.178759 0.177751 0.180466 0.151255 0.151822 0.153182 0.151901 0.160227 0.164113 0.167981 0.177268 0.177582 0.178367 0.178273 0.178866 0.151575 0.154467 0.153386 0.157146 0.165121 0.168580 0.172763 0.177752 0.176807 0.179332 0.178951 0.154129 0.157474 0.161696 0.168295 0.172726 0.176313 0.177789 0.178297 0.179479 0.181896
0.160332 0.158047 0.157190 0.137862 0.153086 0.169893 0.170728 0.174978 0.174462 0.176483 0.159753 0.156941 0.156712 0.145011 0.117252 0.161905 0.167536 0.173470 0.173462 0.173389 0.176242 0.160202 0.159412 0.158338 0.159209 0.147174 0.147808 0.158326 0.167060 0.174857 0.173201 0.172583 0.173472 0.160159 0.159058 0.160788 0.158685 0.156790 0.159369 0.165463 0.174705 0.172623 0.173400 0.172386 0.175099 0.160368 0.160785 0.161832 0.159769 0.163962 0.163738 0.164889 0.172580 0.172474 0.173151 0.173001 0.173570 0.160423 0.163038 0.161434 0.163524 0.167487 0.167715 0.169511 0.172928 0.171750 0.174165 0.173725 0.162410 0.165034 0.166021 0.169293 0.170894 0.172102 0.172925 0.173232 0.174311 0.176683
0.178523 0.176519 0.176293 0.164695 0.142994 0.149333 0.155335 0.160678 0.160626 0.162858 0.177908 0.175389 0.175980 0.170426 0.161905 0.123220 0.149448 0.158881 0.159607 0.159827 0.162765 0.178050 0.177350 0.176439 0.178030 0.168810 0.160348 0.150765 0.150719 0.160890 0.159684 0.159253 0.160226 0.177718 0.176573 0.178195 0.175321 0.168504 0.161398 0.157833 0.162625 0.159940 0.160526 0.159461 0.162162 0.177668 0.177955 0.178740 0.176009 0.175942 0.169176 0.162595 0.163097 0.160784 0.160891 0.160473 0.160934 0.177440 0.179760 0.177550 0.177465 0.175386 0.169015 0.164103 0.162136 0.160079 0.162050 0.161366 0.178757 0.180390 0.176408 0.173643 0.168706 0.163111 0.161876 0.161491 0.162180 0.164374
0.180450 0.178522 0.178469 0.169633 0.153738 0.148194 0.139901 0.145256 0.145700 0.148186 0.179825 0.177384 0.178174 0.173893 0.167536 0.149448 0.123334 0.142560 0.144596 0.145227 0.148273 0.179882 0.179209 0.178348 0.180144 0.171931 0.164692 0.156272 0.146725 0.146394 0.145183 0.144956 0.146024 0.179472 0.178321 0.179943 0.177046 0.169944 0.161678 0.153908 0.151463 0.146739 0.146852 0.145664 0.148341 0.179346 0.179600 0.180319 0.177429 0.176381 0.167899 0.158171 0.153337 0.148662 0.147958 0.147155 0.147467 0.179037 0.181271 0.178881 0.178129 0.174048 0.164958 0.156300 0.150510 0.147677 0.149171 0.148210 0.180149 0.181456 0.175727 0.170528 0.162321 0.152546 0.149902 0.148947 0.149259 0.151268
0.185297 0.183393 0.183392 0.175400 0.161872 0.157596 0.140718 0.143590 0.144186 0.146813 0.184670 0.182253 0.183103 0.179203 0.173470 0.158881 0.142560 0.139344 0.142918 0.143887 0.147010 0.184702 0.184037 0.183191 0.185050 0.177145 0.170291 0.162437 0.153398 0.146890 0.143987 0.143822 0.144946 0.184267 0.183116 0.184738 0.181840 0.174687 0.166207 0.157654 0.152426 0.146515 0.146158 0.144848 0.147501 0.184118 0.184361 0.185061 0.182124 0.180788 0.171814 0.161170 0.154474 0.148836 0.147691 0.146632 0.146841 0.183784 0.185992 0.183547 0.182588 0.177886 0.167929 0.157995 0.150798 0.147632 0.148880 0.147762 0.184833 0.186039 0.179758 0.173772 0.164459 0.153185 0.150012 0.148810 0.148934 0.150844
0.185019 0.183121 0.183133 0.175353 0.162452 0.158755 0.142016 0.142466 0.140963 0.143547 0.184391 0.181980 0.182845 0.179041 0.173462 0.159607 0.144596 0.142918 0.137818 0.140484 0.143840 0.184416 0.183754 0.182912 0.184787 0.176960 0.170202 0.162494 0.153678 0.147230 0.142664 0.141000 0.142105 0.183976 0.182824 0.184447 0.181549 0.174387 0.165867 0.157172 0.151425 0.145211 0.144250 0.142491 0.145052 0.183821 0.184062 0.184756 0.181807 0.180401 0.171307 0.160446 0.153308 0.147419 0.146021 0.144659 0.144691 0.183480 0.185682 0.183223 0.182212 0.177352 0.167173 0.156905 0.149316 0.146010 0.147082 0.145807 0.184514 0.185693 0.179271 0.173080 0.163469 0.151763 0.148421 0.147093 0.147081 0.148903
0.184829 0.182933 0.182951 0.175263 0.162632 0.159212 0.142813 0.143214 0.139541 0.139920 0.184201 0.181793 0.182664 0.178902 0.173389 0.159827 0.145227 0.143887 0.140484 0.135011 0.139851 0.184223 0.183562 0.182721 0.184603 0.176811 0.170096 0.162452 0.153741 0.147451 0.142874 0.139683 0.139239 0.183780 0.182628 0.184251 0.181354 0.174190 0.165657 0.156921 0.151023 0.144784 0.143404 0.140899 0.143091 0.183623 0.183862 0.184554 0.181601 0.180164 0.171020 0.160073 0.152764 0.146776 0.145208 0.143519 0.143268 0.183279 0.185478 0.183012 0.181979 0.177050 0.166774 0.156355 0.148581 0.145181 0.146091 0.144635 0.184305 0.185473 0.178989 0.172706 0.162955 0.151032 0.147596 0.146167 0.146018 0.147740
0.187649 0.185753 0.185773 0.178111 0.165560 0.162222 0.145939 0.146392 0.142627 0.140890 0.187020 0.184613 0.185486 0.181736 0.176242 0.162765 0.148273 0.147010 0.143840 0.139851 0.134837 0.187042 0.186380 0.185541 0.187424 0.179642 0.172940 0.165316 0.156636 0.150398 0.145848 0.142619 0.140664 0.186598 0.185446 0.187069 0.184172 0.177008 0.168472 0.159726 0.153792 0.147559 0.146098 0.143226 0.145128 0.186439 0.186679 0.187370 0.184415 0.182970 0.173812 0.162840 0.155484 0.149470 0.147852 0.146031 0.145628 0.186095 0.188293 0.185826 0.184785 0.179836 0.169531 0.159068 0.151238 0.147806 0.148654 0.147116 0.187119 0.188284 0.181781 0.175470 0.165677 0.153687 0.150219 0.148751 0.148546 0.150224
0.137959 0.137914 0.140480 0.154371 0.172894 0.184887 0.182399 0.186123 0.185411 0.187344 0.137456 0.137861 0.141831 0.150539 0.160202 0.178050 0.179882 0.184702 0.184416 0.184223 0.187042 0.133054 0.138305 0.140901 0.147667 0.155217 0.164594 0.172907 0.179563 0.185894 0.184026 0.183323 0.184175 0.138362 0.140254 0.145145 0.149726 0.160276 0.168340 0.175888 0.185188 0.183140 0.183958 0.182955 0.185670 0.139407 0.141349 0.144435 0.144886 0.158128 0.165652 0.171500 0.181956 0.182583 0.183452 0.183401 0.184012 0.140905 0.144895 0.145011 0.150986 0.163463 0.169987 0.176220 0.182513 0.181760 0.184374 0.184042 0.145019 0.149510 0.157613 0.167745 0.174862 0.180542 0.182577 0.183253 0.184521 0.186975
0.139290 0.138059 0.139918 0.153587 0.172173 0.184197 0.181732 0.185459 0.184748 0.186682 0.138215 0.136878 0.140828 0.149665 0.159412 0.177350 0.179209 0.184037 0.183754 0.183562 0.186380 0.138305 0.134485 0.139360 0.146558 0.154373 0.163848 0.172206 0.178886 0.185231 0.183364 0.182663 0.183514 0.138998 0.139258 0.144221 0.148899 0.159558 0.167658 0.175219 0.184528 0.182481 0.183299 0.182296 0.185010 0.140334 0.141451 0.144021 0.144355 0.157538 0.165033 0.170862 0.181304 0.181927 0.182794 0.182743 0.183354 0.141337 0.144921 0.144801 0.150647 0.162960 0.169406 0.175595 0.181862 0.181105 0.183718 0.183385 0.145011 0.149348 0.157234 0.167232 0.174272 0.179903 0.181926 0.182598 0.183864 0.186318
0.141266 0.139368 0.140269 0.152688 0.171235 0.183306 0.180881 0.184614 0.183906 0.185842 0.140474 0.137506 0.139576 0.148446 0.158338 0.176439 0.178348 0.183191 0.182912 0.182721 0.185541 0.140901 0.139360 0.134692 0.144142 0.153031 0.162811 0.171279 0.178012 0.184386 0.182524 0.181824 0.182676 0.141000 0.139536 0.142784 0.147605 0.158551 0.166758 0.174358 0.183689 0.181644 0.182462 0.181459 0.184174 0.141746 0.142313 0.144036 0.143866 0.156835 0.164264 0.170062 0.180480 0.181096 0.181961 0.181909 0.182519 0.142283 0.145440 0.144946 0.150500 0.162444 0.168724 0.174825 0.181041 0.180278 0.182887 0.182552 0.145427 0.149526 0.156978 0.166695 0.173576 0.179107 0.181105 0.181771 0.183033 0.185486
0.148114 0.146186 0.146598 0.154515 0.172724 0.184985 0.182718 0.186479 0.185782 0.187722 0.147405 0.144668 0.145221 0.148879 0.159209 0.178030 0.180144 0.185050 0.184787 0.184603 0.187424 0.147667 0.146558 0.144142 0.134506 0.152292 0.163824 0.172806 0.179758 0.186252 0.184405 0.183710 0.184565 0.147495 0.145935 0.146776 0.149070 0.159975 0.168445 0.176170 0.185577 0.183541 0.184360 0.183356 0.186071 0.147915 0.148274 0.149329 0.148247 0.159680 0.166546 0.172130 0.182432 0.183017 0.183874 0.183816 0.184424 0.148153 0.150984 0.150048 0.154873 0.165591 0.171238 0.176988 0.183002 0.182210 0.184807 0.184465 0.150793 0.154521 0.160855 0.169687 0.176007 0.181161 0.183065 0.183704 0.184954 0.187401
0.155604 0.153557 0.153376 0.149258 0.163263 0.176260 0.174715 0.178603 0.177958 0.179923 0.154969 0.152317 0.152618 0.145718 0.147174 0.168810 0.171931 0.177145 0.176960 0.176811 0.179642 0.155217 0.154373 0.153031 0.152292 0.121917 0.150270 0.162977 0.171237 0.178375 0.176609 0.175943 0.176810 0.154993 0.153685 0.154826 0.150434 0.150352 0.159548 0.167957 0.177803 0.175822 0.176642 0.175640 0.178355 0.155163 0.155488 0.156358 0.154074 0.158783 0.161190 0.165324 0.174989 0.175418 0.176233 0.176150 0.176747 0.155165 0.157729 0.156133 0.158628 0.164241 0.166680 0.170621 0.175603 0.174669 0.177203 0.176827 0.157151 0.159954 0.162214 0.167283 0.170941 0.174228 0.175660 0.176166 0.177351 0.179771
0.165040 0.163023 0.162810 0.153548 0.156224 0.168843 0.167787 0.171793 0.171207 0.173200 0.164419 0.161860 0.162364 0.156285 0.147808 0.160348 0.164692 0.170291 0.170202 0.170096 0.172940 0.164594 0.163848 0.162811 0.163824 0.150270 0.123145 0.151404 0.163127 0.171509 0.169880 0.169257 0.170142 0.164294 0.163089 0.164523 0.160800 0.151405 0.150916 0.160215 0.171019 0.169180 0.170015 0.169019 0.171736 0.164316 0.164612 0.165410 0.162736 0.163392 0.159888 0.160242 0.168724 0.168939 0.169706 0.169596 0.170180 0.164165 0.166564 0.164558 0.165359 0.166377 0.164779 0.165977 0.169422 0.168283 0.170731 0.170311 0.165717 0.167805 0.166493 0.167683 0.168026 0.168712 0.169471 0.169787 0.170884 0.173267
0.173418 0.171447 0.171309 0.161736 0.153135 0.161619 0.159976 0.164032 0.163515 0.165547 0.172796 0.170302 0.170966 0.165890 0.158326 0.150765 0.156272 0.162437 0.162494 0.162452 0.165316 0.172907 0.172206 0.171279 0.172806 0.162977 0.151404 0.123967 0.151324 0.163476 0.162187 0.161649 0.162565 0.172547 0.171378 0.172932 0.169715 0.161389 0.151165 0.150802 0.163089 0.161604 0.162492 0.161514 0.164236 0.172484 0.172757 0.173511 0.170700 0.170153 0.162884 0.157422 0.162044 0.161671 0.162347 0.162194 0.162759 0.172243 0.174547 0.172317 0.172202 0.170238 0.164723 0.161962 0.162665 0.161164 0.163468 0.162975 0.173542 0.175189 0.171434 0.169361 0.165992 0.162970 0.162670 0.162677 0.163627 0.165950
0.180126 0.178196 0.178140 0.169437 0.156490 0.157944 0.151502 0.155223 0.154751 0.156828 0.179501 0.177055 0.177835 0.173491 0.167060 0.150719 0.146725 0.153398 0.153678 0.153741 0.156636 0.179563 0.178886 0.178012 0.179758 0.171237 0.163127 0.151324 0.123817 0.153332 0.153293 0.152969 0.153955 0.179157 0.178001 0.179602 0.176601 0.169056 0.159712 0.149832 0.153880 0.152925 0.153944 0.153017 0.155751 0.179040 0.179295 0.180015 0.177125 0.176058 0.167564 0.158197 0.156306 0.153752 0.154127 0.153881 0.154413 0.178740 0.180984 0.178618 0.177966 0.174247 0.165900 0.158921 0.155520 0.153365 0.155399 0.154776 0.179882 0.181250 0.175908 0.171420 0.164569 0.157081 0.155330 0.154859 0.155564 0.157784
0.186495 0.184594 0.184604 0.176787 0.164050 0.161089 0.146672 0.149059 0.148458 0.150554 0.185867 0.183454 0.184314 0.180481 0.174857 0.160890 0.146394 0.146890 0.147230 0.147451 0.150398 0.185894 0.185231 0.184386 0.186252 0.178375 0.171509 0.163476 0.153332 0.139290 0.146198 0.146633 0.147805 0.185455 0.184303 0.185923 0.183014 0.175804 0.167165 0.158186 0.152217 0.146768 0.147870 0.147058 0.149824 0.185303 0.185544 0.186240 0.183294 0.181900 0.172822 0.162005 0.155116 0.149529 0.148820 0.148286 0.148741 0.184965 0.187169 0.184716 0.183728 0.178945 0.168899 0.158898 0.151743 0.148726 0.150246 0.149373 0.186005 0.187198 0.180855 0.174800 0.165444 0.154225 0.151121 0.150065 0.150389 0.152432
0.184632 0.182736 0.182755 0.175080 0.162552 0.159365 0.143692 0.145270 0.144101 0.146060 0.184003 0.181595 0.182467 0.178708 0.173201 0.159684 0.145183 0.143987 0.142664 0.142874 0.145848 0.184026 0.183364 0.182524 0.184405 0.176609 0.169880 0.162187 0.153293 0.146198 0.139344 0.141716 0.143227 0.183582 0.182431 0.184053 0.181153 0.173974 0.165404 0.156563 0.150397 0.143818 0.143388 0.142615 0.145420 0.183425 0.183664 0.184356 0.181402 0.179960 0.170804 0.159827 0.152459 0.146456 0.145178 0.144201 0.144550 0.183082 0.185280 0.182815 0.181781 0.176855 0.166587 0.156200 0.148507 0.145243 0.146471 0.145393 0.184108 0.185277 0.178798 0.172531 0.162827 0.151036 0.147689 0.146434 0.146554 0.148481
0.183932 0.182038 0.182060 0.174445 0.162051 0.158917 0.143059 0.144027 0.141854 0.143171 0.183303 0.180897 0.181774 0.178043 0.172583 0.159253 0.144956 0.143822 0.141000 0.139683 0.142619 0.183323 0.182663 0.181824 0.183710 0.175943 0.169257 0.161649 0.152969 0.146633 0.141716 0.136204 0.139621 0.182878 0.181726 0.183349 0.180452 0.173282 0.164730 0.155932 0.149847 0.143496 0.141738 0.139561 0.142376 0.182719 0.182958 0.183648 0.180690 0.179230 0.170044 0.159022 0.151563 0.145490 0.143836 0.142158 0.142079 0.182373 0.184569 0.182100 0.181049 0.176068 0.165720 0.155196 0.147303 0.143869 0.144770 0.143353 0.183394 0.184554 0.178023 0.171675 0.161832 0.149784 0.146304 0.144861 0.144722 0.146464
0.184784 0.182891 0.182915 0.175327 0.163001 0.159912 0.144049 0.144863 0.142045 0.142435 0.184155 0.181750 0.182629 0.178912 0.173472 0.160226 0.146024 0.144946 0.142105 0.139239 0.140664 0.184175 0.183514 0.182676 0.184565 0.176810 0.170142 0.162565 0.153955 0.147805 0.143227 0.139621 0.134936 0.183729 0.182577 0.184200 0.181303 0.174137 0.165590 0.156808 0.150756 0.144511 0.142822 0.139207 0.140569 0.183568 0.183807 0.184496 0.181537 0.180068 0.170870 0.159828 0.152339 0.146250 0.144510 0.142405 0.141699 0.183222 0.185417 0.182945 0.181886 0.176882 0.166499 0.155917 0.147940 0.144434 0.145144 0.143436 0.184240 0.185396 0.178843 0.172458 0.162554 0.150390 0.146847 0.145292 0.144965 0.146550
0.140686 0.139914 0.141864 0.154650 0.172653 0.184535 0.181974 0.185686 0.184970 0.186901 0.140021 0.139165 0.142631 0.150804 0.160159 0.177718 0.179472 0.184267 0.183976 0.183780 0.186598 0.138362 0.138998 0.141000 0.147495 0.154993 0.164294 0.172547 0.179157 0.185455 0.183582 0.182878 0.183729 0.134330 0.139094 0.144444 0.149124 0.159783 0.167883 0.175442 0.184738 0.182690 0.183509 0.182506 0.185221 0.137922 0.139557 0.143202 0.143882 0.157364 0.165038 0.170973 0.181482 0.182124 0.182997 0.182948 0.183560 0.139457 0.143493 0.143772 0.149915 0.162663 0.169348 0.175684 0.182042 0.181299 0.183917 0.183587 0.143697 0.148287 0.156652 0.166994 0.174256 0.180044 0.182107 0.182791 0.184063 0.186520
0.141568 0.140288 0.141770 0.153750 0.171532 0.183393 0.180824 0.184535 0.183818 0.185750 0.140795 0.139081 0.141984 0.149811 0.159058 0.176573 0.178321 0.183116 0.182824 0.182628 0.185446 0.140254 0.139258 0.139536 0.145935 0.153685 0.163089 0.171378 0.178001 0.184303 0.182431 0.181726 0.182577 0.139094 0.134734 0.142338 0.147444 0.158470 0.166679 0.174274 0.183584 0.181538 0.182357 0.181354 0.184069 0.139776 0.139762 0.141746 0.142461 0.156085 0.163838 0.169804 0.180326 0.180971 0.181845 0.181796 0.182408 0.140130 0.143250 0.142975 0.148954 0.161563 0.168211 0.174536 0.180891 0.180147 0.182766 0.182435 0.143367 0.147641 0.155705 0.165916 0.173128 0.178897 0.180956 0.181640 0.182912 0.185368
0.146113 0.144574 0.145666 0.155985 0.173212 0.185030 0.182448 0.186158 0.185441 0.187372 0.145375 0.143197 0.145371 0.151915 0.160788 0.178195 0.179943 0.184738 0.184447 0.184251 0.187069 0.145145 0.144221 0.142784 0.146776 0.154826 0.164523 0.172932 0.179602 0.185923 0.184053 0.183349 0.184200 0.144444 0.142338 0.139953 0.147103 0.159552 0.168133 0.175844 0.185199 0.183159 0.183980 0.182977 0.185692 0.144607 0.144646 0.144939 0.143726 0.157389 0.165338 0.171388 0.181942 0.182594 0.183468 0.183420 0.184032 0.144575 0.147136 0.146069 0.151404 0.163433 0.169919 0.176188 0.182519 0.181773 0.184390 0.184060 0.146969 0.150786 0.158050 0.167829 0.174858 0.180544 0.182586 0.183266 0.184537 0.186993
0.150568 0.148907 0.149652 0.155761 0.170630 0.182220 0.179559 0.183262 0.182544 0.184476 0.149867 0.147593 0.149205 0.152277 0.158685 0.175321 0.177046 0.181840 0.181549 0.181354 0.184172 0.149726 0.148899 0.147605 0.149070 0.150434 0.160800 0.169715 0.176601 0.183014 0.181153 0.180452 0.181303 0.149124 0.147444 0.147103 0.130003 0.153455 0.164327 0.172676 0.182263 0.180255 0.181082 0.180082 0.182797 0.149145 0.149254 0.149634 0.146333 0.153362 0.161817 0.168274 0.179002 0.179691 0.180573 0.180526 0.181139 0.148976 0.151368 0.149666 0.152971 0.161836 0.167436 0.173424 0.179646 0.178887 0.181501 0.181169 0.150846 0.153929 0.158449 0.166312 0.172471 0.177759 0.179723 0.180385 0.181649 0.184103
0.160960 0.159143 0.159412 0.157718 0.165118 0.175589 0.172464 0.176114 0.175385 0.177313 0.160306 0.157936 0.159003 0.157024 0.156790 0.168504 0.169944 0.174687 0.174387 0.174190 0.177008 0.160276 0.159558 0.158551 0.159975 0.150352 0.151405 0.161389 0.169056 0.175804 0.173974 0.173282 0.174137 0.159783 0.158470 0.159552 0.153455 0.125095 0.152357 0.164213 0.174906 0.173046 0.173904 0.172913 0.175631 0.159682 0.159879 0.160458 0.157153 0.153749 0.152704 0.160094 0.171597 0.172473 0.173394 0.173359 0.173975 0.159395 0.161651 0.159401 0.159587 0.160711 0.162003 0.166730 0.172540 0.171743 0.174348 0.174011 0.160712 0.162655 0.161451 0.164104 0.167195 0.170990 0.172659 0.173257 0.174500 0.176947
0.168968 0.167095 0.167192 0.161658 0.160671 0.168556 0.164148 0.167639 0.166871 0.168786 0.168331 0.165932 0.166852 0.163530 0.159369 0.161398 0.161678 0.166207 0.165867 0.165657 0.168472 0.168340 0.167658 0.166758 0.168445 0.159548 0.150916 0.151165 0.159712 0.167165 0.165404 0.164730 0.165590 0.167883 0.166679 0.168133 0.164327 0.152357 0.123967 0.151479 0.165801 0.164374 0.165318 0.164354 0.167078 0.167748 0.167974 0.168630 0.165544 0.163060 0.152268 0.149877 0.162433 0.163766 0.164796 0.164796 0.165422 0.167427 0.169647 0.167255 0.166602 0.163467 0.158668 0.159488 0.164112 0.163221 0.165808 0.165467 0.168560 0.170025 0.165675 0.163859 0.162569 0.163309 0.164319 0.164775 0.165974 0.168409
0.176498 0.174608 0.174647 0.167617 0.159967 0.163514 0.156008 0.159077 0.158193 0.160065 0.175867 0.173460 0.174341 0.170672 0.165463 0.157833 0.153908 0.157654 0.157172 0.156921 0.159726 0.175888 0.175219 0.174358 0.176170 0.167957 0.160215 0.150802 0.149832 0.158186 0.156563 0.155932 0.156808 0.175442 0.174274 0.175844 0.172676 0.164213 0.151479 0.123622 0.155001 0.155196 0.156413 0.155530 0.158272 0.175293 0.175530 0.176212 0.173218 0.171439 0.161473 0.149357 0.152602 0.154553 0.155853 0.155952 0.156609 0.174959 0.177166 0.174728 0.173823 0.169440 0.160696 0.155332 0.155721 0.154487 0.157025 0.156673 0.176024 0.177297 0.171570 0.166971 0.161122 0.156537 0.156033 0.156138 0.157226 0.159630
0.185803 0.183914 0.183949 0.176589 0.165509 0.164381 0.151581 0.153694 0.152473 0.154215 0.185173 0.182772 0.183661 0.180013 0.174705 0.162625 0.151463 0.152426 0.151425 0.151023 0.153792 0.185188 0.184528 0.183689 0.185577 0.177803 0.171019 0.163089 0.153880 0.152217 0.150397 0.149847 0.150756 0.184738 0.183584 0.185199 0.182263 0.174906 0.165801 0.155001 0.139326 0.147755 0.149967 0.149330 0.152125 0.184576 0.184812 0.185498 0.182526 0.180961 0.171552 0.160044 0.152071 0.147762 0.149340 0.149677 0.150421 0.184227 0.186420 0.183944 0.182873 0.177852 0.167533 0.157365 0.150790 0.148505 0.150882 0.150511 0.185242 0.186398 0.179879 0.173645 0.164259 0.153540 0.150824 0.150286 0.151154 0.153499
0.183754 0.181865 0.181898 0.174465 0.162724 0.160420 0.145928 0.147665 0.146299 0.148000 0.183125 0.180723 0.181612 0.177958 0.172623 0.159940 0.146739 0.146515 0.145211 0.144784 0.147559 0.183140 0.182481 0.181644 0.183541 0.175822 0.169180 0.161604 0.152925 0.146768 0.143818 0.143496 0.144511 0.182690 0.181538 0.183159 0.180255 0.173046 0.164374 0.155196 0.147755 0.139290 0.143372 0.143096 0.145958 0.182527 0.182763 0.183449 0.180482 0.178956 0.169649 0.158374 0.150330 0.143947 0.143427 0.143649 0.144400 0.182176 0.184368 0.181888 0.180800 0.175711 0.165222 0.154526 0.146577 0.143525 0.145287 0.144700 0.183186 0.184329 0.177711 0.171258 0.161333 0.149371 0.146047 0.145048 0.145553 0.147740
0.184572 0.182681 0.182713 0.175238 0.163282 0.160631 0.145517 0.146922 0.145199 0.146686 0.183942 0.181540 0.182427 0.178759 0.173400 0.160526 0.146852 0.146158 0.144250 0.143404 0.146098 0.183958 0.183299 0.182462 0.184360 0.176642 0.170015 0.162492 0.153944 0.147870 0.143388 0.141738 0.142822 0.183509 0.182357 0.183980 0.181082 0.173904 0.165318 0.156413 0.149967 0.143372 0.139346 0.141028 0.144183 0.183346 0.183583 0.184270 0.181305 0.179797 0.170531 0.159360 0.151584 0.145314 0.143320 0.142058 0.142832 0.182996 0.185188 0.182709 0.181625 0.176542 0.166051 0.155315 0.147176 0.143673 0.144661 0.143553 0.184007 0.185150 0.178529 0.172051 0.162027 0.149738 0.146180 0.144767 0.144774 0.146678
0.183568 0.181677 0.181708 0.174222 0.162202 0.159439 0.144081 0.145242 0.143090 0.144190 0.182939 0.180536 0.181422 0.177751 0.172386 0.159461 0.145664 0.144848 0.142491 0.140899 0.143226 0.182955 0.182296 0.181459 0.183356 0.175640 0.169019 0.161514 0.153017 0.147058 0.142615 0.139561 0.139207 0.182506 0.181354 0.182977 0.180082 0.172913 0.164354 0.155530 0.149330 0.143096 0.141028 0.134936 0.139752 0.182343 0.182580 0.183267 0.180303 0.178800 0.169546 0.158409 0.150736 0.144540 0.142591 0.139916 0.139245 0.181993 0.184185 0.181706 0.180622 0.175540 0.165047 0.154298 0.146109 0.142487 0.142983 0.141105 0.183004 0.184146 0.177523 0.171034 0.160973 0.148558 0.144903 0.143226 0.142750 0.144247
0.186283 0.184392 0.184423 0.176935 0.164900 0.162111 0.146692 0.147780 0.145450 0.146342 0.185653 0.183251 0.184137 0.180466 0.175099 0.162162 0.148341 0.147501 0.145052 0.143091 0.145128 0.185670 0.185010 0.184174 0.186071 0.178355 0.171736 0.164236 0.155751 0.149824 0.145420 0.142376 0.140569 0.185221 0.184069 0.185692 0.182797 0.175631 0.167078 0.158272 0.152125 0.145958 0.144183 0.139752 0.134839 0.185058 0.185295 0.185982 0.183018 0.181516 0.172265 0.161136 0.153487 0.147311 0.145402 0.142739 0.140613 0.184708 0.186900 0.184421 0.183337 0.178255 0.167761 0.157009 0.148810 0.145165 0.145560 0.143310 0.185719 0.186861 0.180237 0.173746 0.163674 0.151229 0.147550 0.145796 0.145130 0.146413
0.141602 0.140855 0.142746 0.155039 0.172677 0.184462 0.181834 0.185535 0.184815 0.186744 0.141025 0.140127 0.143423 0.151255 0.160368 0.177668 0.179346 0.184118 0.183821 0.183623 0.186439 0.139407 0.140334 0.141746 0.147915 0.155163 0.164316 0.172484 0.179040 0.185303 0.183425 0.182719 0.183568 0.137922 0.139776 0.144607 0.149145 0.159682 0.167748 0.175293 0.184576 0.182527 0.183346 0.182343 0.185058 0.132070 0.138420 0.142590 0.143369 0.156975 0.164744 0.170744 0.181297 0.181952 0.182828 0.182781 0.183394 0.136469 0.141831 0.142608 0.149014 0.162117 0.168986 0.175432 0.181857 0.181123 0.183746 0.183419 0.142031 0.146990 0.155837 0.166479 0.173920 0.179829 0.181923 0.182616 0.183892 0.186351
0.143162 0.142155 0.143824 0.155609 0.173006 0.184742 0.182082 0.185778 0.185056 0.186984 0.142494 0.141211 0.144265 0.151822 0.160785 0.177955 0.179600 0.184361 0.184062 0.183862 0.186679 0.141349 0.141451 0.142313 0.148274 0.155488 0.164612 0.172757 0.179295 0.185544 0.183664 0.182958 0.183807 0.139557 0.139762 0.144646 0.149254 0.159879 0.167974 0.175530 0.184812 0.182763 0.183583 0.182580 0.185295 0.138420 0.135530 0.142033 0.143223 0.157041 0.164901 0.170944 0.181523 0.182185 0.183063 0.183017 0.183630 0.138177 0.141757 0.142522 0.148997 0.162210 0.169145 0.175633 0.182085 0.181355 0.183980 0.183653 0.142299 0.147068 0.155906 0.166603 0.174095 0.180046 0.182151 0.182848 0.184126 0.186585
0.145870 0.144633 0.146051 0.156947 0.173874 0.185511 0.182789 0.186476 0.185750 0.187677 0.145166 0.143508 0.146206 0.153182 0.161832 0.178740 0.180319 0.185061 0.184756 0.184554 0.187370 0.144435 0.144021 0.144036 0.149329 0.156358 0.165410 0.173511 0.180015 0.186240 0.184356 0.183648 0.184496 0.143202 0.141746 0.144939 0.149634 0.160458 0.168630 0.176212 0.185498 0.183449 0.184270 0.183267 0.185982 0.142590 0.142033 0.139202 0.142670 0.157301 0.165412 0.171556 0.182188 0.182864 0.183745 0.183701 0.184315 0.141911 0.143711 0.142697 0.149222 0.162627 0.169684 0.176252 0.182755 0.182032 0.184661 0.184336 0.143755 0.147787 0.156371 0.167102 0.174672 0.180697 0.182822 0.183526 0.184807 0.187268
0.146133 0.144764 0.145980 0.155447 0.171339 0.182743 0.179872 0.183535 0.182801 0.184724 0.145432 0.143571 0.145951 0.151901 0.159769 0.176009 0.177429 0.182124 0.181807 0.181601 0.184415 0.144886 0.144355 0.143866 0.148247 0.154074 0.162736 0.170700 0.177125 0.183294 0.181402 0.180690 0.181537 0.143882 0.142461 0.143726 0.146333 0.157153 0.165544 0.173218 0.182526 0.180482 0.181305 0.180303 0.183018 0.143369 0.143223 0.142670 0.130247 0.152373 0.161854 0.168377 0.179166 0.179878 0.180769 0.180729 0.181345 0.142675 0.144452 0.141451 0.145792 0.159078 0.166385 0.173133 0.179751 0.179045 0.181682 0.181361 0.143553 0.146545 0.153511 0.163883 0.171502 0.177656 0.179823 0.180539 0.181828 0.184292
0.159116 0.157537 0.158295 0.162116 0.172447 0.182438 0.178656 0.182179 0.181394 0.183295 0.158441 0.156348 0.158093 0.160227 0.163962 0.175942 0.176381 0.180788 0.180401 0.180164 0.182970 0.158128 0.157538 0.156835 0.159680 0.158783 0.163392 0.170153 0.176058 0.181900 0.179960 0.179230 0.180068 0.157364 0.156085 0.157389 0.153362 0.153749 0.163060 0.171439 0.180961 0.178956 0.179797 0.178800 0.181516 0.156975 0.157041 0.157301 0.152373 0.128727 0.155133 0.165258 0.177267 0.178245 0.179197 0.179185 0.179812 0.156384 0.158305 0.155290 0.152664 0.154835 0.162958 0.170727 0.178016 0.177410 0.180094 0.179799 0.157018 0.158336 0.156688 0.162170 0.169143 0.175763 0.178126 0.178913 0.180242 0.182724
0.166462 0.164736 0.165150 0.163966 0.167449 0.175184 0.169883 0.173169 0.172299 0.174162 0.165809 0.163569 0.164888 0.164113 0.163738 0.169176 0.167899 0.171814 0.171307 0.171020 0.173812 0.165652 0.165033 0.164264 0.166546 0.161190 0.159888 0.162884 0.167564 0.172822 0.170804 0.170044 0.170870 0.165038 0.163838 0.165338 0.161817 0.152704 0.152268 0.161473 0.171552 0.169649 0.170531 0.169546 0.172265 0.164744 0.164901 0.165412 0.161854 0.155133 0.125868 0.151544 0.167130 0.168742 0.169824 0.169865 0.170512 0.164253 0.166292 0.163500 0.161280 0.153475 0.151456 0.160100 0.168402 0.167952 0.170710 0.170455 0.164974 0.165871 0.159164 0.157283 0.159981 0.166131 0.168616 0.169480 0.170864 0.173373
0.172207 0.170395 0.170607 0.166157 0.162956 0.167409 0.159580 0.162458 0.161437 0.163235 0.171567 0.169242 0.170330 0.167981 0.164889 0.162595 0.158171 0.161170 0.160446 0.160073 0.162840 0.171500 0.170862 0.170062 0.172130 0.165324 0.160242 0.157422 0.158197 0.162005 0.159827 0.159022 0.159828 0.170973 0.169804 0.171388 0.168274 0.160094 0.149877 0.149357 0.160044 0.158374 0.159360 0.158409 0.161136 0.170744 0.170944 0.171556 0.168377 0.165258 0.151544 0.121370 0.153302 0.157025 0.158457 0.158616 0.159304 0.170322 0.172437 0.169800 0.168135 0.161327 0.149123 0.147611 0.156726 0.156500 0.159373 0.159181 0.171169 0.172109 0.164711 0.158524 0.153880 0.155309 0.157266 0.158117 0.159551 0.162092
0.182598 0.180732 0.180819 0.174271 0.165226 0.165364 0.153453 0.155604 0.154295 0.155966 0.181966 0.179588 0.180536 0.177268 0.172580 0.163097 0.153337 0.154474 0.153308 0.152764 0.155484 0.181956 0.181304 0.180480 0.182432 0.174989 0.168724 0.162044 0.156306 0.155116 0.152459 0.151563 0.152339 0.181482 0.180326 0.181942 0.179002 0.171597 0.162433 0.152602 0.152071 0.150330 0.151584 0.150736 0.153487 0.181297 0.181523 0.182188 0.179166 0.177267 0.167130 0.153302 0.133592 0.147518 0.150233 0.150732 0.151519 0.180924 0.183091 0.180560 0.179285 0.173627 0.162341 0.150772 0.148680 0.148344 0.151398 0.151308 0.181878 0.182940 0.175934 0.169138 0.159595 0.151175 0.149962 0.150287 0.151664 0.154225
0.183208 0.181327 0.181379 0.174253 0.163366 0.161807 0.148071 0.149864 0.148399 0.150000 0.182577 0.180185 0.181095 0.177582 0.172474 0.160784 0.148662 0.148836 0.147419 0.146776 0.149470 0.182583 0.181927 0.181096 0.183017 0.175418 0.168939 0.161671 0.153752 0.149529 0.146456 0.145490 0.146250 0.182124 0.180971 0.182594 0.179691 0.172473 0.163766 0.154553 0.147762 0.143947 0.145314 0.144540 0.147311 0.181952 0.182185 0.182864 0.179878 0.178245 0.168742 0.157025 0.147518 0.139275 0.143588 0.144409 0.145276 0.181592 0.183774 0.181273 0.180108 0.174782 0.163946 0.152679 0.144098 0.142005 0.145085 0.145040 0.182578 0.183683 0.176861 0.170123 0.159846 0.147684 0.144542 0.144212 0.145438 0.147977
0.184072 0.182187 0.182230 0.174950 0.163549 0.161432 0.146984 0.148571 0.146948 0.148455 0.183442 0.181045 0.181946 0.178367 0.173151 0.160891 0.147958 0.147691 0.146021 0.145208 0.147852 0.183452 0.182794 0.181961 0.183874 0.176233 0.169706 0.162347 0.154127 0.148820 0.145178 0.143836 0.144510 0.182997 0.181845 0.183468 0.180573 0.173394 0.164796 0.155853 0.149340 0.143427 0.143320 0.142591 0.145402 0.182828 0.183063 0.183745 0.180769 0.179197 0.169824 0.158457 0.150233 0.143588 0.139382 0.142050 0.143237 0.182472 0.184658 0.182166 0.181031 0.175797 0.165087 0.154002 0.145382 0.141577 0.143118 0.143042 0.183467 0.184585 0.177827 0.171146 0.160817 0.148081 0.144366 0.143135 0.143701 0.146071
0.184018 0.182131 0.182170 0.174812 0.163158 0.160759 0.145902 0.147301 0.145450 0.146786 0.183388 0.180990 0.181885 0.178273 0.173001 0.160473 0.147155 0.146632 0.144659 0.143519 0.146031 0.183401 0.182743 0.181909 0.183816 0.176150 0.169596 0.162194 0.153881 0.148286 0.144201 0.142158 0.142405 0.182948 0.181796 0.183420 0.180526 0.173359 0.164796 0.155952 0.149677 0.143649 0.142058 0.139916 0.142739 0.182781 0.183017 0.183701 0.180729 0.179185 0.169865 0.158616 0.150732 0.144409 0.142050 0.136922 0.140026 0.182427 0.184615 0.182128 0.181010 0.175828 0.165190 0.154214 0.145722 0.141884 0.141884 0.140270 0.183428 0.184554 0.177837 0.171210 0.160928 0.148145 0.144317 0.142444 0.141912 0.143613
