2.018617 2.347196 2.480744 2.919441 3.230861 3.646871 2.192570 2.380511 2.492700 3.005064 3.182864 3.205205 2.352215 2.386724 2.431335 3.104761 2.515602 3.396877 3.126618 2.418072 3.093567 2.991752 2.549202 2.931092 3.045766 3.056495 3.004336 3.031820 3.022018 3.032742 3.120880 3.286352 3.095988 3.040756 3.123910
2.347196 2.066614 2.291519 2.767852 3.088238 3.519907 2.240272 2.225200 2.337407 2.861257 3.061840 3.084842 2.337298 2.293581 2.307432 2.984672 2.420790 3.274406 3.006921 2.349615 2.975269 2.872519 2.478252 2.826476 2.929832 2.938880 2.885652 2.912918 2.904444 2.914267 3.002232 3.191459 2.979065 2.922566 3.005471
2.480744 2.291519 2.139081 2.728426 3.065481 3.521473 2.361083 2.272662 2.307186 2.837637 3.072385 3.096360 2.438977 2.367861 2.341769 2.996595 2.479723 3.285106 3.019437 2.425403 2.990100 2.885744 2.551590 2.862149 2.947910 2.954548 2.899721 2.926668 2.920135 2.928650 3.016358 3.238838 2.995662 2.937375 3.019910
2.919441 2.767852 2.728426 2.267946 2.905435 3.580884 2.792892 2.718486 2.671333 2.756785 3.188248 3.218138 2.855707 2.778087 2.721408 3.120972 2.859922 3.450478 3.147518 2.813047 3.136524 3.018460 2.933059 3.123684 3.112495 3.103100 3.037488 3.062472 3.068090 3.068300 3.154387 3.534413 3.149009 3.079749 3.159890
3.230861 3.088238 3.065481 2.905435 2.225879 3.521169 3.102350 3.038534 3.005072 2.883339 3.216666 3.254974 3.159830 3.084783 3.030220 3.161348 3.155647 3.605189 3.193343 3.104362 3.211617 3.070682 3.219925 3.317232 3.206402 3.177494 3.096356 3.118549 3.140887 3.129752 3.213549 3.750142 3.227762 3.145028 3.221785
3.646871 3.519907 3.521473 3.580884 3.521169 2.035712 3.515019 3.471500 3.464320 3.508016 2.911258 2.993771 3.562873 3.493918 3.448548 2.922050 3.546377 3.819413 2.981312 3.483844 3.140705 2.890531 3.590619 3.512404 3.167363 3.079803 2.942297 2.952128 3.031434 2.982162 3.057548 3.980275 3.134954 3.009734 3.075237
2.192570 2.240272 2.361083 2.792892 3.102350 3.515019 2.001494 2.256752 2.367373 2.876873 3.049751 3.071958 2.187983 2.250717 2.300167 2.971462 2.377622 3.264218 2.993238 2.272463 2.959885 2.858269 2.404159 2.794463 2.911593 2.922658 2.870731 2.898264 2.888168 2.899088 2.987267 3.147225 2.961993 2.907039 2.990249
2.380511 2.225200 2.272662 2.718486 3.038534 3.471500 2.256752 2.085898 2.274051 2.810424 3.014364 3.037467 2.332366 2.248456 2.240128 2.937334 2.375774 3.224991 2.959639 2.320765 2.928070 2.825303 2.448322 2.781922 2.883047 2.891894 2.838521 2.865759 2.857492 2.867170 2.955108 3.151356 2.932238 2.875520 2.958381
2.492700 2.337407 2.307186 2.671333 3.005072 3.464320 2.367373 2.274051 2.127730 2.771275 3.017198 3.041412 2.434760 2.351819 2.286040 2.941744 2.446978 3.224824 2.964744 2.404772 2.935751 2.831247 2.529174 2.815634 2.894748 2.900737 2.845474 2.872344 2.866401 2.874505 2.962143 3.200236 2.942283 2.883371 2.965785
3.005064 2.861257 2.837637 2.756785 2.883339 3.508016 2.876873 2.810424 2.771275 2.223051 3.126047 3.158009 2.935461 2.858833 2.800916 3.061591 2.931322 3.400508 3.089461 2.883539 3.084177 2.962158 3.000888 3.132346 3.070897 3.054130 2.983367 3.007532 3.019395 3.015346 3.100615 3.559026 3.103038 3.028327 3.107162
3.182864 3.061840 3.072385 3.188248 3.216666 2.911258 3.049751 3.014364 3.017198 3.126047 1.898438 2.168206 3.094043 3.027972 2.987027 2.117587 3.073390 3.305094 2.207255 3.006122 2.493845 2.154440 3.109648 2.964077 2.522076 2.403402 2.227745 2.225602 2.344545 2.270144 2.338607 3.444357 2.455941 2.305951 2.363625
3.205205 3.084842 3.096360 3.218138 3.254974 2.993771 3.071958 3.037467 3.041412 3.158009 2.168206 1.768626 3.115865 3.050125 3.009678 1.993081 3.094818 3.324307 2.137598 3.026926 2.499295 2.130476 3.130051 2.977270 2.523873 2.400169 2.212146 2.201975 2.337239 2.253461 2.318188 3.458680 2.449630 2.292696 2.346694
2.352215 2.337298 2.438977 2.855707 3.159830 3.562873 2.187983 2.332366 2.434760 2.935461 3.094043 3.115865 2.002545 2.301759 2.355468 3.015223 2.412569 3.310501 3.036774 2.272228 3.002615 2.901509 2.405469 2.828549 2.952877 2.964897 2.913627 2.941297 2.930359 2.941844 3.030137 3.172174 3.003754 2.949611 3.032980
2.386724 2.293581 2.367861 2.778087 3.084783 3.493918 2.250717 2.248456 2.351819 2.858833 3.027972 3.050125 2.301759 2.106666 2.252448 2.949602 2.327784 3.240153 2.971344 2.273405 2.937645 2.836317 2.403932 2.770567 2.889231 2.900518 2.848730 2.876288 2.866070 2.877069 2.965268 3.128847 2.939873 2.884994 2.968225
2.431335 2.307432 2.341769 2.721408 3.030220 3.448548 2.300167 2.240128 2.286040 2.800916 2.987027 3.009678 2.355468 2.252448 2.054545 2.909356 2.324773 3.191003 2.931402 2.309664 2.898289 2.796742 2.434635 2.744098 2.852059 2.862175 2.809598 2.837005 2.827887 2.838117 2.926181 3.120960 2.902345 2.846294 2.929306
3.104761 2.984672 2.996595 3.120972 3.161348 2.922050 2.971462 2.937334 2.941744 3.061591 2.117587 1.993081 3.015223 2.949602 2.909356 1.810151 2.994001 3.222419 1.992105 2.925889 2.391670 2.011131 3.028850 2.872955 2.414809 2.289265 2.096136 2.082252 2.224478 2.136743 2.199706 3.354883 2.337261 2.177273 2.229754
2.515602 2.420790 2.479723 2.859922 3.155647 3.546377 2.377622 2.375774 2.446978 2.931322 3.073390 3.094818 2.412569 2.327784 2.324773 2.994001 2.207981 3.284387 3.015319 2.327269 2.979645 2.879732 2.452343 2.794995 2.928691 2.942029 2.891508 2.919321 2.907617 2.919598 3.007999 3.155831 2.980759 2.927204 3.010710
3.396877 3.274406 3.285106 3.450478 3.605189 3.819413 3.264218 3.224991 3.224824 3.400508 3.305094 3.324307 3.310501 3.240153 3.191003 3.222419 3.284387 2.127067 3.242831 3.229375 3.164141 3.106151 3.337914 3.273236 3.151569 3.165401 3.118606 3.146757 3.139559 3.148107 3.236110 3.782714 3.221144 3.157232 3.239566
3.126618 3.006921 3.019437 3.147518 3.193343 2.981312 2.993238 2.959639 2.964744 3.089461 2.207255 2.137598 3.036774 2.971344 2.931402 1.992105 3.015319 3.242831 1.787776 2.946819 2.403735 2.004858 3.049525 2.888882 2.423645 2.295544 2.092556 2.065691 2.226828 2.129269 2.186205 3.371476 2.340057 2.173031 2.221169
2.418072 2.349615 2.425403 2.813047 3.104362 3.483844 2.272463 2.320765 2.404772 2.883539 3.006122 3.026926 2.272228 2.273405 2.309664 2.925889 2.327269 3.229375 2.946819 1.992657 2.910689 2.810725 2.191396 2.714442 2.857164 2.871558 2.821960 2.849968 2.836834 2.849806 2.938386 3.029175 2.909041 2.857077 2.940875
3.093567 2.975269 2.990100 3.136524 3.211617 3.140705 2.959885 2.928070 2.935751 3.084177 2.493845 2.499295 3.002615 2.937645 2.898289 2.391670 2.979645 3.164141 2.403735 2.910689 1.977028 2.256705 3.012854 2.834263 2.323907 2.273955 2.262271 2.295123 2.284523 2.293816 2.383563 3.330192 2.384688 2.303618 2.386093
2.991752 2.872519 2.885744 3.018460 3.070682 2.890531 2.858269 2.825303 2.831247 2.962158 2.154440 2.130476 2.901509 2.836317 2.796742 2.011131 2.879732 3.106151 2.004858 2.810725 2.256705 1.764434 2.913106 2.746922 2.273282 2.141476 1.920649 1.912411 2.069495 1.970706 2.037053 3.230254 2.183929 2.014800 2.066062
2.549202 2.478252 2.551590 2.933059 3.219925 3.590619 2.404159 2.448322 2.529174 3.000888 3.109648 3.130051 2.405469 2.403932 2.434635 3.028850 2.452343 3.337914 3.049525 2.191396 3.012854 2.913106 2.064825 2.809280 2.957630 2.972950 2.923992 2.952124 2.938107 2.951691 3.040380 3.099683 3.009777 2.958755 3.042732
2.931092 2.826476 2.862149 3.123684 3.317232 3.512404 2.794463 2.781922 2.815634 3.132346 2.964077 2.977270 2.828549 2.770567 2.744098 2.872955 2.794995 3.273236 2.888882 2.714442 2.834263 2.746922 2.809280 1.992003 2.747099 2.786710 2.751600 2.782036 2.752738 2.776921 2.867504 3.104233 2.818208 2.780612 2.867544
3.045766 2.929832 2.947910 3.112495 3.206402 3.167363 2.911593 2.883047 2.894748 3.070897 2.522076 2.523873 2.952877 2.889231 2.852059 2.414809 2.928691 3.151569 2.423645 2.857164 2.323907 2.273282 2.957630 2.747099 1.978537 2.261190 2.269332 2.303736 2.256455 2.292997 2.386054 3.249900 2.334766 2.293961 2.383615
3.056495 2.938880 2.954548 3.103100 3.177494 3.079803 2.922658 2.891894 2.900737 3.054130 2.403402 2.400169 2.964897 2.900518 2.862175 2.289265 2.942029 3.165401 2.295544 2.871558 2.273955 2.141476 2.972950 2.786710 2.261190 2.008141 2.133049 2.170612 2.121604 2.159099 2.252894 3.274687 2.234795 2.161698 2.250547
3.004336 2.885652 2.899721 3.037488 3.096356 2.942297 2.870731 2.838521 2.845474 2.983367 2.227745 2.212146 2.913627 2.848730 2.809598 2.096136 2.891508 3.118606 2.092556 2.821960 2.262271 1.920649 2.923992 2.751600 2.269332 2.133049 1.830533 1.938927 2.050524 1.948185 2.039628 3.235348 2.166435 1.991959 2.052610
3.031820 2.912918 2.926668 3.062472 3.118549 2.952128 2.898264 2.865759 2.872344 3.007532 2.225602 2.201975 2.941297 2.876288 2.837005 2.082252 2.919321 3.146757 2.065691 2.849968 2.295123 1.912411 2.952124 2.782036 2.303736 2.170612 1.938927 1.787552 2.087433 1.945731 1.988627 3.265429 2.200592 2.006490 2.038747
3.022018 2.904444 2.920135 3.068090 3.140887 3.031434 2.888168 2.857492 2.866401 3.019395 2.344545 2.337239 2.930359 2.866070 2.827887 2.224478 2.907617 3.139559 2.226828 2.836834 2.284523 2.069495 2.938107 2.752738 2.256455 2.121604 2.050524 2.087433 1.939341 2.062229 2.160663 3.236446 2.117036 2.051814 2.151135
3.032742 2.914267 2.928650 3.068300 3.129752 2.982162 2.899088 2.867170 2.874505 3.015346 2.270144 2.253461 2.941844 2.877069 2.838117 2.136743 2.919598 3.148107 2.129269 2.849806 2.293816 1.970706 2.951691 2.776921 2.292997 2.159099 1.948185 1.945731 2.062229 1.819755 1.984726 3.260437 2.172905 1.943129 1.979617
3.120880 3.002232 3.016358 3.154387 3.213549 3.057548 2.987267 2.955108 2.962143 3.100615 2.338607 2.318188 3.030137 2.965268 2.926181 2.199706 3.007999 3.236110 2.186205 2.938386 2.383563 2.037053 3.040380 2.867504 2.386054 2.252894 2.039628 1.988627 2.160663 1.984726 1.802983 3.350917 2.270968 2.042913 2.006826
3.286352 3.191459 3.238838 3.534413 3.750142 3.980275 3.147225 3.151356 3.200236 3.559026 3.444357 3.458680 3.172174 3.128847 3.120960 3.354883 3.155831 3.782714 3.371476 3.029175 3.330192 3.230254 3.099683 3.104233 3.249900 3.274687 3.235348 3.265429 3.236446 3.260437 3.350917 2.052648 3.298399 3.263955 3.350988
3.095988 2.979065 2.995662 3.149009 3.227762 3.134954 2.961993 2.932238 2.942283 3.103038 2.455941 2.449630 3.003754 2.939873 2.902345 2.337261 2.980759 3.221144 2.340057 2.909041 2.384688 2.183929 3.009777 2.818208 2.334766 2.234795 2.166435 2.200592 2.117036 2.172905 2.270968 3.298399 2.006016 2.153880 2.258781
3.040756 2.922566 2.937375 3.079749 3.145028 3.009734 2.907039 2.875520 2.883371 3.028327 2.305951 2.292696 2.949611 2.884994 2.846294 2.177273 2.927204 3.157232 2.173031 2.857077 2.303618 2.014800 2.958755 2.780612 2.293961 2.161698 1.991959 2.006490 2.051814 1.943129 2.042913 3.263955 2.153880 1.809789 1.992796
3.123910 3.005471 3.019910 3.159890 3.221785 3.075237 2.990249 2.958381 2.965785 3.107162 2.363625 2.346694 3.032980 2.968225 2.929306 2.229754 3.010710 3.239566 2.221169 2.940875 2.386093 2.066062 3.042732 2.867544 2.383615 2.250547 2.052610 2.038747 2.151135 1.979617 2.006826 3.350988 2.258781 1.992796 1.814975
