 0.13953 0.146824 0.151095 0.154761 0.191323 0.192636 0.192853 0.195605 0.146768 0.152718 0.155372 0.193397 0.191177 0.191814 0.192564 0.192853 0.150821 0.150506 0.154536 0.156527 0.175043  0.18805 0.193884 0.192962 0.192024 0.192307 0.151603 0.155383 0.156014 0.157889  0.18452 0.193337 0.193258 0.191173  0.19154 0.154615 0.155161 0.156419 0.156203 0.181586 0.190357  0.19219 0.193197 0.191003 0.156265 0.157364 0.156984 0.160393 0.167218 0.193507 0.192341 0.193876 0.190281 0.157789 0.157631 0.157883 0.159114 0.193554 0.192725 0.192663 0.193228 0.192243 0.158277 0.157262 0.159468 0.162229 0.167003 0.191557 0.193918 0.194869 0.193574
0.146824 0.142412 0.148642 0.152451 0.189291 0.190625 0.190843 0.193596 0.146355 0.150393 0.153111 0.191384 0.189166 0.189804 0.190555 0.190844 0.149651 0.148982 0.152431 0.154409 0.172988 0.186026 0.191873 0.190952 0.190015 0.190298  0.15003 0.153557 0.154008  0.15586 0.182502 0.191329 0.191249 0.189164 0.189532 0.152927 0.153361 0.154559 0.154251 0.179582 0.188357 0.190183  0.19119 0.188996 0.154459 0.155525 0.155112 0.158487 0.165287 0.191501 0.190335 0.191869 0.188274  0.15597 0.155796 0.156028 0.157225 0.191561 0.190721 0.190657 0.191221 0.190236 0.156444 0.155415 0.157603 0.160338   0.1651 0.189552 0.191911 0.192862 0.191568
0.151095 0.148642 0.139218 0.145792 0.185927 0.187464  0.18769  0.19045 0.148666 0.147083 0.147865 0.188197 0.186003  0.18665 0.187409 0.187699 0.150262 0.149027 0.149393 0.150607 0.169436 0.182746 0.188711 0.187801 0.186868 0.187155 0.149507 0.151955 0.151266 0.152781 0.179284 0.188187 0.188108 0.186025 0.186393  0.15191 0.151814 0.152681 0.151771 0.176502 0.185293 0.187053 0.188062 0.185866 0.152857 0.153739 0.153131 0.156265 0.162851 0.188385 0.187212 0.188744 0.185148  0.15429 0.154027 0.154133 0.155114 0.188565 0.187625 0.187539 0.188101 0.187114  0.15468  0.15357  0.15565 0.158211  0.16287 0.186449 0.188794 0.189742 0.188446
0.154761 0.152451 0.145792 0.139071 0.186726 0.188534 0.188771 0.191539  0.15219 0.150768 0.149385 0.189234  0.18707 0.187729 0.188499 0.188789 0.153524 0.152275 0.151868 0.151985 0.170064  0.18367 0.189781 0.188883 0.187957 0.188249 0.152521 0.154605 0.153385 0.154486 0.180306 0.189284 0.189204 0.187124 0.187492 0.154746 0.154433 0.155139 0.153891 0.177709 0.186491 0.188163 0.189175 0.186975 0.155432 0.156221 0.155504 0.158463 0.164811 0.189513 0.188332 0.189861 0.186262  0.15682 0.156511 0.156546 0.157381  0.18984 0.188777 0.188665 0.189222 0.188233 0.157165 0.156007 0.158022 0.160453 0.165007 0.187592  0.18992 0.190864 0.189567
0.191323 0.189291 0.185927 0.186726 0.110882 0.161879  0.16316 0.166717 0.188473 0.188386 0.188391 0.159778 0.160243 0.162046 0.163766 0.164154 0.189133  0.18798 0.188009 0.187447  0.17252 0.160423 0.163836 0.163653 0.163193 0.163911  0.18736 0.188297 0.187328 0.186971 0.168338  0.16558 0.165149 0.163199 0.163589 0.188799 0.187476 0.187523 0.185777 0.174723 0.172437 0.165493 0.166513 0.164005  0.18799 0.188247 0.186802  0.18746 0.186419 0.168095 0.166193 0.167481 0.163633 0.188998 0.188354 0.187814 0.186682 0.177503 0.168774  0.16693 0.167197 0.166041 0.188976 0.187408 0.188708  0.18865 0.189684 0.166961  0.16816 0.168851 0.167445
0.192636 0.190625 0.187464 0.188534 0.161879 0.137768 0.142309 0.147362 0.189764 0.189802 0.189968 0.147473 0.141734 0.142017 0.144579 0.145083 0.190365 0.189226 0.189382 0.188974 0.177652 0.162165  0.14776  0.14546 0.144449 0.145257  0.18852 0.189362 0.188568 0.188288 0.167027 0.148946 0.147447 0.145074 0.145445 0.189875 0.188442 0.188435 0.186781 0.171827 0.161755  0.14902 0.149648 0.146809 0.188885 0.189081 0.187551 0.187882 0.185528 0.152263 0.149752 0.150792 0.146724 0.189837  0.18915 0.188529 0.187064 0.165661 0.153461 0.150725 0.150781 0.149484 0.189764 0.188135 0.189322 0.188769 0.188976 0.151307 0.151901 0.152428 0.150939
0.192853 0.190843  0.18769 0.188771  0.16316 0.142309 0.137384  0.14495 0.189981 0.190023 0.190197 0.149082 0.143276  0.14164 0.142426 0.142985  0.19058 0.189441 0.189602   0.1892  0.17806 0.162836 0.148409 0.145391  0.14342  0.14354 0.188732  0.18957 0.188783 0.188508 0.167337 0.148639 0.146736 0.143723  0.14403 0.190083 0.188646 0.188636 0.186987 0.171953 0.161467  0.14838 0.148763 0.145792 0.189085 0.189279 0.187745 0.188063 0.185655 0.151583 0.148955  0.14992 0.145778 0.190035 0.189346 0.188722 0.187242 0.165203 0.152773 0.149955 0.149968 0.148632  0.18996 0.188329  0.18951 0.188935 0.189104 0.150587 0.151112 0.151607 0.150098
0.195605 0.193596  0.19045 0.191539 0.166717 0.147362  0.14495 0.136532 0.192733 0.192779 0.192958 0.152979 0.147322 0.145731 0.141062 0.139657  0.19333 0.192191 0.192357  0.19196  0.18097 0.165986 0.151802 0.148558 0.145796 0.143179 0.191479 0.192314 0.191534 0.191262 0.170191 0.151215 0.149001 0.144623 0.144612 0.192827 0.191387 0.191375 0.189731 0.174647 0.163828 0.150489 0.150482 0.147277 0.191824 0.192015 0.190479 0.190786 0.188335 0.153574 0.150792 0.151636 0.147372 0.192772 0.192081 0.191454 0.189962 0.167377 0.154731 0.151821 0.151771 0.150375 0.192695 0.191061 0.192239 0.191645 0.191782 0.152509 0.152946 0.153397 0.151856
0.146768 0.146355 0.148666  0.15219 0.188473 0.189764 0.189981 0.192733 0.142299  0.15016 0.152751 0.190529 0.188307 0.188942 0.189692  0.18998 0.147109 0.147148 0.151759 0.153764 0.172217 0.185192 0.191012  0.19009 0.189151 0.189433 0.148295 0.152326 0.153139 0.155035 0.181656 0.190464 0.190384 0.188299 0.188667 0.151421 0.152079 0.153397 0.153273 0.178707 0.187476 0.189316 0.190322 0.188129 0.153188 0.154321 0.153973 0.157417 0.164267 0.190631 0.189466 0.191001 0.187407 0.154726 0.154583 0.154857 0.156122 0.190665 0.189846 0.189787 0.190352 0.189367 0.155228 0.154227 0.156451 0.159237 0.164024  0.18868 0.191042 0.191993 0.190699
0.152718 0.150393 0.147083 0.150768 0.188386 0.189802 0.190023 0.192779  0.15016 0.146595 0.151137  0.19055 0.188342 0.188983 0.189738 0.190027 0.151694 0.150388 0.150927  0.15304 0.171989 0.185151 0.191049 0.190133 0.189198 0.189482 0.150948 0.153512 0.153122 0.154903 0.181648 0.190513 0.190434  0.18835 0.188718 0.153412 0.153404 0.154348 0.153628 0.178782 0.187572 0.189372  0.19038 0.188185 0.154472 0.155399 0.154846 0.158072 0.164774 0.190696 0.189527 0.191061 0.187465 0.155927 0.155688 0.155829 0.156884 0.190808 0.189925 0.189851 0.190415 0.189429  0.15634 0.155253 0.157367 0.159993 0.164703 0.188753 0.191106 0.192056 0.190761
0.155372 0.153111 0.147865 0.149385 0.188391 0.189968 0.190197 0.192958 0.152751 0.151137 0.147339 0.190696 0.188507 0.189156 0.189917 0.190207 0.154023 0.152752 0.151857  0.15232 0.171815 0.185218 0.191215 0.190308 0.189376 0.189664 0.152981 0.155033 0.153748 0.155061 0.181764 0.190696 0.190617 0.188535 0.188903 0.155202 0.154894  0.15561 0.154394  0.17901 0.187818 0.189564 0.190574 0.188377 0.155907 0.156707 0.156009 0.159034  0.16555   0.1909 0.189726 0.191258  0.18766 0.157305 0.157003 0.157052 0.157936 0.191112 0.190145 0.190054 0.190615 0.189627 0.157658  0.15651 0.158542 0.161029 0.165654 0.188968 0.191309 0.192256  0.19096
0.193397 0.191384 0.188197 0.189234 0.159778 0.147473 0.149082 0.152979 0.190529  0.19055 0.190696 0.138374 0.145087 0.147836 0.150068 0.150504 0.191138 0.189996 0.190135 0.189705 0.177754 0.161111  0.14922 0.149585 0.149453 0.150403 0.189302 0.190156 0.189336 0.189042 0.167392 0.152455 0.151787 0.149896 0.150295 0.190668  0.18925  0.18925  0.18758 0.172868 0.164261 0.152872 0.153829 0.151168 0.189703 0.189907 0.188389 0.188763 0.186589 0.156036 0.153761 0.154921 0.150961 0.190663 0.189981 0.189372 0.187955 0.168649 0.157178 0.154665 0.154802 0.153567 0.190597 0.188977 0.190179 0.189701 0.190037 0.155112 0.155872 0.156458 0.155003
0.191177 0.189166 0.186003  0.18707 0.160243 0.141734 0.143276 0.147322 0.188307 0.188342 0.188507 0.145087 0.137403 0.141798  0.14443 0.144893 0.188908 0.187769 0.187923 0.187512 0.176118 0.160445 0.145313 0.143854 0.143798  0.14487 0.187064 0.187907  0.18711 0.186829 0.165471 0.147531 0.146415 0.144474 0.144875  0.18842 0.186989 0.186982 0.185327  0.17037 0.160464 0.147909 0.148726 0.145979 0.187433 0.187629 0.186101 0.186436 0.184102 0.151192 0.148765  0.14986 0.145842 0.188386 0.187699  0.18708  0.18562 0.164487 0.152405 0.149719 0.149806 0.148535 0.188313 0.186686 0.187874  0.18733 0.187553 0.150272  0.15091 0.151459 0.149984
0.191814 0.189804  0.18665 0.187729 0.162046 0.142017  0.14164 0.145731 0.188942 0.188983 0.189156 0.147836 0.141798 0.138485 0.142855 0.143373 0.189541 0.188402 0.188563  0.18816 0.176994 0.161711  0.14702 0.143767 0.142336 0.143484 0.187693 0.188532 0.187744 0.187468  0.16626 0.147451 0.145671 0.143283 0.143674 0.189045 0.187608 0.187599 0.185949 0.170911 0.160476 0.147421 0.147976 0.145101 0.188048 0.188242 0.186709 0.187028 0.184627 0.150687 0.148121 0.149135 0.145043 0.188999 0.188309 0.187686 0.186208 0.164276 0.151899  0.14911 0.149148 0.147837 0.188923 0.187293 0.188474 0.187903 0.188078 0.149724  0.15028 0.150793 0.149296
0.192564 0.190555 0.187409 0.188499 0.163766 0.144579 0.142426 0.141062 0.189692 0.189738 0.189917 0.150068  0.14443 0.142855  0.13648 0.138475 0.190288  0.18915 0.189316  0.18892 0.177947 0.162989 0.148834 0.145564 0.142705  0.13996 0.188438 0.189272 0.188492 0.188221 0.167162 0.148152 0.145897  0.14139 0.141396 0.189786 0.188344 0.188333 0.186688   0.1716 0.160743 0.147373 0.147326 0.144103 0.188781 0.188972 0.187436 0.187742 0.185285 0.150447 0.147649 0.148482 0.144209 0.189729 0.189038 0.188411 0.186918 0.164272 0.151602 0.148682 0.148626 0.147225 0.189652 0.188018 0.189195   0.1886 0.188733 0.149376 0.149804 0.150251 0.148707
0.192853 0.190844 0.187699 0.188789 0.164154 0.145083 0.142985 0.139657  0.18998 0.190027 0.190207 0.150504 0.144893 0.143373 0.138475  0.12963 0.190576 0.189438 0.189605 0.189209 0.178257 0.163333 0.149235 0.145978 0.143138 0.139009 0.188725 0.189559  0.18878  0.18851 0.167467 0.148456 0.146199 0.141289 0.141037 0.190073 0.188631 0.188619 0.186976 0.171883 0.160983 0.147594 0.147453 0.144159 0.189067 0.189258 0.187722 0.188026 0.185564 0.150631   0.1478   0.1486 0.144292 0.190015 0.189324 0.188696 0.187202 0.164478 0.151775 0.148837 0.148766 0.147348 0.189937 0.188304  0.18948 0.188882 0.189011 0.149542 0.149952 0.150387 0.148835
0.150821 0.149651 0.150262 0.153524 0.189133 0.190365  0.19058  0.19333 0.147109 0.151694 0.154023 0.191138 0.188908 0.189541 0.190288 0.190576 0.141953 0.147424 0.152749 0.154703 0.172942  0.18583 0.191614 0.190688 0.189748 0.190029 0.147153 0.152437 0.153799 0.155724 0.182278 0.191059  0.19098 0.188894 0.189261 0.150857 0.152027 0.153573 0.153746 0.179291 0.188049 0.189908 0.190913 0.188721 0.153142 0.154405 0.154174 0.157728 0.164648 0.191218 0.190056 0.191591 0.187997 0.154727 0.154644 0.154996 0.156375 0.191215 0.190428 0.190375 0.190941 0.189957 0.155284 0.154333  0.15662 0.159493 0.164317 0.189263  0.19163 0.192582 0.191288
0.150506 0.148982 0.149027 0.152275  0.18798 0.189226 0.189441 0.192191 0.147148 0.150388 0.152752 0.189996 0.187769 0.188402  0.18915 0.189438 0.147424 0.144408 0.151418 0.153451  0.17177 0.184681 0.190474 0.189549  0.18861 0.188891 0.147131 0.151372 0.152576 0.154527 0.181132 0.189921 0.189841 0.187756 0.188123 0.150341 0.151123 0.152541 0.152604 0.178153 0.186916 0.188771 0.189776 0.187583 0.152253 0.153439 0.153149 0.156661 0.163563 0.190082 0.188919 0.190454  0.18686 0.153813 0.153696 0.154006 0.155333 0.190088 0.189293 0.189238 0.189805  0.18882  0.15434 0.153362 0.155617 0.158452 0.163264 0.188128 0.190493 0.191445 0.190151
0.154536 0.152431 0.149393 0.151868 0.188009 0.189382 0.189602 0.192357 0.151759 0.150927 0.151857 0.190135 0.187923 0.188563 0.189316 0.189605 0.152749 0.151418 0.147257 0.152057 0.171605 0.184747 0.190629 0.189712 0.188775 0.189059 0.151483 0.153278 0.151841 0.154005 0.181222  0.19009 0.190011 0.187927 0.188294 0.153622 0.153245 0.153947 0.152844 0.178323 0.187133 0.188947 0.189955  0.18776 0.154288 0.155089 0.154413 0.157539 0.164253 0.190269 0.189101 0.190635  0.18704 0.155695 0.155398 0.155462 0.156411 0.190365 0.189495 0.189425 0.189988 0.189003 0.156056 0.154918 0.156971 0.159529 0.164233 0.188325  0.19068  0.19163 0.190335
0.156527 0.154409 0.150607 0.151985 0.187447 0.188974   0.1892  0.19196 0.153764  0.15304  0.15232 0.189705 0.187512  0.18816  0.18892 0.189209 0.154703 0.153451 0.152057  0.14733 0.170754 0.184223 0.190219 0.189311 0.188379 0.188666 0.153308  0.15477  0.15219 0.152702 0.180724 0.189697 0.189619 0.187537 0.187905 0.155245 0.154577 0.155006 0.153078 0.177929 0.186799 0.188564 0.189574 0.187378 0.155523 0.156166 0.155287 0.158092 0.164548 0.189899 0.188726 0.190258 0.186661 0.156851 0.156473 0.156411 0.157107 0.190107 0.189144 0.189053 0.189614 0.188627 0.157133 0.155913 0.157851 0.160206 0.164794 0.187967 0.190308 0.191256  0.18996
0.175043 0.172988 0.169436 0.170064  0.17252 0.177652  0.17806  0.18097 0.172217 0.171989 0.171815 0.177754 0.176118 0.176994 0.177947 0.178257 0.172942  0.17177 0.171605 0.170754 0.125243 0.168676 0.178822  0.17819 0.177385 0.177774 0.171254 0.172294 0.171002 0.170314 0.165889 0.178802 0.178747  0.17673 0.177105 0.172803 0.171619 0.171726 0.169725 0.167968 0.177798  0.17795 0.179042 0.176787 0.172242 0.172581  0.17125 0.172394 0.173541 0.179666 0.178327 0.179809 0.176157  0.17333  0.17275 0.172327  0.17172 0.183063 0.179435 0.178782 0.179262 0.178234 0.173384 0.171906 0.173384 0.174134 0.176576 0.178069 0.180038 0.180911 0.179587
 0.18805 0.186026 0.182746  0.18367 0.160423 0.162165 0.162836 0.165986 0.185192 0.185151 0.185218 0.161111 0.160445 0.161711 0.162989 0.163333  0.18583 0.184681 0.184747 0.184223 0.168676 0.124853 0.162826 0.162928 0.162379  0.16295 0.184032 0.184931 0.183998 0.183616 0.155239  0.16391 0.163938 0.162049 0.162437 0.185443 0.184083 0.184107  0.18235 0.167293  0.16793 0.163606 0.164829 0.162473 0.184579 0.184816 0.183343 0.183895  0.18248 0.165991 0.164341 0.165734 0.161988 0.185572 0.184916 0.184354 0.183147 0.174387 0.166573 0.165001 0.165348  0.16425 0.185537 0.183953 0.185227 0.185084 0.186031 0.164872 0.166256 0.167008 0.165635
0.193884 0.191873 0.188711 0.189781 0.163836  0.14776 0.148409 0.151802 0.191012 0.191049 0.191215  0.14922 0.145313  0.14702 0.148834 0.149235 0.191614 0.190474 0.190629 0.190219 0.178822 0.162826 0.140509 0.147421 0.147962    0.149 0.189769 0.190611 0.189815 0.189533 0.167879 0.149604 0.149845 0.148334 0.148752 0.191124 0.189692 0.189685 0.188029 0.172903 0.163016 0.150762 0.151985 0.149413 0.190136 0.190332 0.188803 0.189136 0.186792  0.15411 0.151875 0.153084  0.14917 0.191089 0.190401 0.189782 0.188321 0.167318 0.155386  0.15279 0.152942 0.151727 0.191016 0.189388 0.190576 0.190031 0.190256  0.15329 0.154013 0.154605  0.15316
0.192962 0.190952 0.187801 0.188883 0.163653  0.14546 0.145391 0.148558  0.19009 0.190133 0.190308 0.149585 0.143854 0.143767 0.145564 0.145978 0.190688 0.189549 0.189712 0.189311  0.17819 0.162928 0.147421 0.141597 0.144227 0.145747  0.18884 0.189677 0.188891 0.188616 0.167361 0.147533   0.1463 0.145133  0.14558  0.19019 0.188752 0.188743 0.187094 0.171986 0.161419 0.148235 0.149193 0.146499 0.189192 0.189385 0.187851 0.188166  0.18575 0.151673 0.149232 0.150347  0.14635 0.190141 0.189452 0.188827 0.187345 0.165311 0.152949 0.150201 0.150289 0.149025 0.190066 0.188434 0.189615 0.189038 0.189204 0.150791 0.151398 0.151946 0.150473
0.192024 0.190015 0.186868 0.187957 0.163193 0.144449  0.14342 0.145796 0.189151 0.189198 0.189376 0.149453 0.143798 0.142336 0.142705 0.143138 0.189748  0.18861 0.188775 0.188379 0.177385 0.162379 0.147962 0.144227 0.139315 0.142845 0.187898 0.188733 0.187952 0.187681 0.166577 0.147236 0.144595 0.142327 0.142833 0.189246 0.187805 0.187794 0.186149 0.171044 0.160212 0.146753  0.14714 0.144216 0.188242 0.188434 0.186898 0.187205 0.184754  0.15003 0.147364 0.148334 0.144205 0.189191   0.1885 0.187873 0.186382 0.163843 0.151244 0.148379 0.148387 0.147053 0.189114  0.18748 0.188657 0.188065 0.188203 0.149039 0.149537 0.150029  0.14852
0.192307 0.190298 0.187155 0.188249 0.163911 0.145257  0.14354 0.143179 0.189433 0.189482 0.189664 0.150403  0.14487 0.143484  0.13996 0.139009 0.190029 0.188891 0.189059 0.188666 0.177774  0.16295    0.149 0.145747 0.142845 0.135596 0.188177  0.18901 0.188234 0.187965 0.166969 0.147921 0.145616  0.13972 0.138935 0.189524  0.18808 0.188068 0.186426 0.171319  0.16029 0.146828 0.146447 0.142985 0.188516 0.188706 0.187168 0.187468 0.184989 0.149776 0.146858 0.147578 0.143186 0.189463 0.188771 0.188142 0.186643 0.163693 0.150894  0.14791 0.147799 0.146342 0.189384  0.18775 0.188924 0.188319 0.188435 0.148642 0.149004  0.14941 0.147838
0.151603  0.15003 0.149507 0.152521  0.18736  0.18852 0.188732 0.191479 0.148295 0.150948 0.152981 0.189302 0.187064 0.187693 0.188438 0.188725 0.147153 0.147131 0.151483 0.153308 0.171254 0.184032 0.189769  0.18884 0.187898 0.188177 0.142447 0.150027 0.152097 0.154026 0.180461 0.189207 0.189127 0.187041 0.187408 0.147225 0.149294 0.151194 0.151775 0.177428  0.18617 0.188052 0.189056 0.186864 0.150398 0.151869 0.151813 0.155521 0.162528 0.189357 0.188196 0.189732  0.18614 0.152057 0.152067  0.15254 0.154085 0.189307 0.188559 0.188514 0.189081 0.188097 0.152698 0.151825 0.154207 0.157203 0.162077 0.187397 0.189769 0.190722 0.189429
0.155383 0.153557 0.151955 0.154605 0.188297 0.189362  0.18957 0.192314 0.152326 0.153512 0.155033 0.190156 0.187907 0.188532 0.189272 0.189559 0.152437 0.151372 0.153278  0.15477 0.172294 0.184931 0.190611 0.189677 0.188733  0.18901 0.150027 0.146886  0.15297 0.154945 0.181331 0.190039  0.18996 0.187872 0.188239 0.151189 0.149789 0.150871 0.152189 0.178231 0.186965 0.188879 0.189882 0.187691 0.151371 0.152273 0.152034 0.155871 0.163003 0.190177 0.189019 0.190556 0.186965 0.152923 0.152705  0.15297 0.154438  0.19007 0.189369 0.189335 0.189904 0.188921 0.153384  0.15237 0.154632 0.157581 0.162494 0.188211 0.190589 0.191544 0.190251
0.156014 0.154008 0.151266 0.153385 0.187328 0.188568 0.188783 0.191534 0.153139 0.153122 0.153748 0.189336  0.18711 0.187744 0.188492  0.18878 0.153799 0.152576 0.151841  0.15219 0.171002 0.183998 0.189815 0.188891 0.187952 0.188234 0.152097  0.15297 0.147226 0.152171 0.180414 0.189263 0.189184 0.187099 0.187466 0.153796 0.152832 0.153007 0.150731  0.17741 0.186252 0.188114  0.18912 0.186927 0.153769 0.154306 0.153338 0.156219 0.163022 0.189427 0.188264 0.189798 0.186205 0.155067 0.154647 0.154535 0.155237  0.18946 0.188643 0.188584  0.18915 0.188165 0.155314 0.154065 0.155979 0.158384 0.163093 0.187477 0.189839 0.190791 0.189497
0.157889  0.15586 0.152781 0.154486 0.186971 0.188288 0.188508 0.191262 0.155035 0.154903 0.155061 0.189042 0.186829 0.187468 0.188221  0.18851 0.155724 0.154527 0.154005 0.152702 0.170314 0.183616 0.189533 0.188616 0.187681 0.187965 0.154026 0.154945 0.152171 0.145536 0.179997 0.188992 0.188915 0.186832   0.1872 0.155647 0.154556 0.154617 0.151274 0.177024 0.186011 0.187851  0.18886 0.186666  0.15537 0.155796 0.154624 0.156996 0.163417 0.189175 0.188007 0.189541 0.185946 0.156589   0.1561 0.155864 0.156239 0.189308 0.188408 0.188332 0.188895 0.187909 0.156762 0.155431 0.157216 0.159358 0.163911 0.187236 0.189587 0.190536 0.189242
 0.18452 0.182502 0.179284 0.180306 0.168338 0.167027 0.167337 0.170191 0.181656 0.181648 0.181764 0.167392 0.165471  0.16626 0.167162 0.167467 0.182278 0.181132 0.181222 0.180724 0.165889 0.155239 0.167879 0.167361 0.166577 0.166969 0.180461 0.181331 0.180414 0.179997 0.125611 0.167707 0.167855 0.165907 0.166286 0.181853 0.180468 0.180472 0.178684 0.156632 0.166346 0.166925 0.168185 0.165956 0.180954 0.181177 0.179682 0.180154 0.178473 0.168838 0.167497 0.168991 0.165342 0.181938 0.181274   0.1807 0.179462 0.174596 0.169032 0.168022 0.168475  0.16744 0.181895 0.180303 0.181566 0.181418 0.182439 0.167559 0.169294 0.170134 0.168801
0.193337 0.191329 0.188187 0.189284  0.16558 0.148946 0.148639 0.151215 0.190464 0.190513 0.190696 0.152455 0.147531 0.147451 0.148152 0.148456 0.191059 0.189921  0.19009 0.189697 0.178802  0.16391 0.149604 0.147533 0.147236 0.147921 0.189207 0.190039 0.189263 0.188992 0.167707  0.14167 0.147643 0.146841 0.147275 0.190553  0.18911 0.189097 0.187453 0.172115 0.160877 0.147295 0.149485 0.147222 0.189545 0.189735 0.188196 0.188494 0.186008 0.151173 0.149166 0.150561 0.146817 0.190492   0.1898 0.189171 0.187672 0.165065 0.152685 0.150062 0.150297 0.149166 0.190413 0.188779 0.189953 0.189351 0.189475 0.150578 0.151337 0.151984  0.15058
0.193258 0.191249 0.188108 0.189204 0.165149 0.147447 0.146736 0.149001 0.190384 0.190434 0.190617 0.151787 0.146415 0.145671 0.145897 0.146199  0.19098 0.189841 0.190011 0.189619 0.178747 0.163938 0.149845   0.1463 0.144595 0.145616 0.189127  0.18996 0.189184 0.188915 0.167855 0.147643 0.141578  0.14451 0.145048 0.190473  0.18903 0.189017 0.187375 0.172195 0.161038 0.146903 0.148063 0.145504 0.189465 0.189654 0.188116 0.188414 0.185926 0.150667 0.148141 0.149291 0.145335 0.190411 0.189719  0.18909 0.187589 0.164672 0.151983 0.149145 0.149229 0.147978 0.190333 0.188698 0.189872 0.189265 0.189379 0.149789 0.150348 0.150893 0.149425
0.191173 0.189164 0.186025 0.187124 0.163199 0.145074 0.143723 0.144623 0.188299  0.18835 0.188535 0.149896 0.144474 0.143283  0.14139 0.141289 0.188894 0.187756 0.187927 0.187537  0.17673 0.162049 0.148334 0.145133 0.142327  0.13972 0.187041 0.187872 0.187099 0.186832 0.165907 0.146841  0.14451 0.135989 0.138207 0.188385  0.18694 0.186927 0.185287 0.170161 0.158951 0.145394 0.144623 0.140958 0.187374 0.187563 0.186024 0.186318 0.183814 0.148199  0.14515 0.145759 0.141267  0.18832 0.187627 0.186997 0.185491 0.162218 0.149281 0.146226 0.146061 0.144551 0.188241 0.186605 0.187777 0.187161 0.187259 0.147001 0.147292  0.14766 0.146061
 0.19154 0.189532 0.186393 0.187492 0.163589 0.145445  0.14403 0.144612 0.188667 0.188718 0.188903 0.150295 0.144875 0.143674 0.141396 0.141037 0.189261 0.188123 0.188294 0.187905 0.177105 0.162437 0.148752  0.14558 0.142833 0.138935 0.187408 0.188239 0.187466   0.1872 0.166286 0.147275 0.145048 0.138207  0.12963 0.188753 0.187307 0.187294 0.185654 0.170532 0.159315 0.145804 0.144933 0.140955 0.187741  0.18793  0.18639 0.186684 0.184178 0.148535 0.145439 0.145948 0.141314 0.188687 0.187994 0.187364 0.185857 0.162549 0.149588 0.146511 0.146305 0.144741 0.188607 0.186971 0.188143 0.187527 0.187622 0.147299 0.147552 0.147889 0.146262
0.154615 0.152927  0.15191 0.154746 0.188799 0.189875 0.190083 0.192827 0.151421 0.153412 0.155202 0.190668  0.18842 0.189045 0.189786 0.190073 0.150857 0.150341 0.153622 0.155245 0.172803 0.185443 0.191124  0.19019 0.189246 0.189524 0.147225 0.151189 0.153796 0.155647 0.181853 0.190553 0.190473 0.188385 0.188753 0.142084 0.149482 0.151986 0.153092 0.178767 0.187485 0.189393 0.190396 0.188205 0.150204 0.152235 0.152508 0.156438  0.16355 0.190691 0.189533  0.19107 0.187479 0.152011 0.152267 0.153012  0.15486 0.190584 0.189883 0.189849 0.190418 0.189435 0.152862 0.152172 0.154751 0.157971 0.162915 0.188725 0.191104 0.192058 0.190765
0.155161 0.153361 0.151814 0.154433 0.187476 0.188442 0.188646 0.191387 0.152079 0.153404 0.154894  0.18925 0.186989 0.187608 0.188344 0.188631 0.152027 0.151123 0.153245 0.154577 0.171619 0.184083 0.189692 0.188752 0.187805  0.18808 0.149294 0.149789 0.152832 0.154556 0.180468  0.18911  0.18903  0.18694 0.187307 0.149482 0.143893 0.149389 0.151581 0.177311    0.186 0.187943 0.188944 0.186755 0.147935 0.149332 0.150133 0.154428 0.161685 0.189232 0.188079 0.189617 0.186027 0.149905 0.149869 0.150581 0.152702 0.189053 0.188413 0.188391 0.188962  0.18798 0.150579 0.149813  0.15243 0.155819 0.160845 0.187259 0.189646 0.190602  0.18931
0.156419 0.154559 0.152681 0.155139 0.187523 0.188435 0.188636 0.191375 0.153397 0.154348  0.15561  0.18925 0.186982 0.187599 0.188333 0.188619 0.153573 0.152541 0.153947 0.155006 0.171726 0.184107 0.189685 0.188743 0.187794 0.188068 0.151194 0.150871 0.153007 0.154617 0.180472 0.189097 0.189017 0.186927 0.187294 0.151986 0.149389 0.145883  0.15123 0.177271 0.185964 0.187927 0.188928 0.186739 0.150427 0.150203 0.149538 0.154067 0.161439 0.189213 0.188061   0.1896  0.18601 0.151689 0.151091 0.150977 0.152488 0.189003 0.188388 0.188372 0.188944 0.187962 0.151849 0.150597 0.152684 0.155668 0.160685 0.187236 0.189627 0.190584 0.189292
0.156203 0.154251 0.151771 0.153891 0.185777 0.186781 0.186987 0.189731 0.153273 0.153628 0.154394  0.18758 0.185327 0.185949 0.186688 0.186976 0.153746 0.152604 0.152844 0.153078 0.169725  0.18235 0.188029 0.187094 0.186149 0.186426 0.151775 0.152189 0.150731 0.151274 0.178684 0.187453 0.187375 0.185287 0.185654 0.153092 0.151581  0.15123 0.144793 0.175494 0.184347 0.186292 0.187296 0.185106 0.152274 0.152477 0.150996 0.153235 0.160309 0.187589 0.186433  0.18797 0.184379 0.153393 0.152799 0.152403 0.152603  0.18749 0.186784 0.186748 0.187317 0.186335 0.153467  0.15204 0.153708 0.155814 0.160549 0.185626 0.188003 0.188958 0.187665
0.181586 0.179582 0.176502 0.177709 0.174723 0.171827 0.171953 0.174647 0.178707 0.178782  0.17901 0.172868  0.17037 0.170911   0.1716 0.171883 0.179291 0.178153 0.178323 0.177929 0.167968 0.167293 0.172903 0.171986 0.171044 0.171319 0.177428 0.178231  0.17741 0.177024 0.156632 0.172115 0.172195 0.170161 0.170532 0.178767 0.177311 0.177271 0.175494 0.127162 0.166421  0.17097 0.172131 0.169969 0.177758 0.177941  0.17639 0.176615 0.173926 0.172406 0.171293 0.172845 0.169258 0.178713 0.178024 0.177404 0.176005 0.174836 0.172065 0.171681 0.172222 0.171234 0.178642 0.177018 0.178225 0.177907  0.17879 0.170838 0.172954 0.173874 0.172573
0.190357 0.188357 0.185293 0.186491 0.172437 0.161755 0.161467 0.163828 0.187476 0.187572 0.187818 0.164261 0.160464 0.160476 0.160743 0.160983 0.188049 0.186916 0.187133 0.186799 0.177798  0.16793 0.163016 0.161419 0.160212  0.16029  0.18617 0.186965 0.186252 0.186011 0.166346 0.160877 0.161038 0.158951 0.159315 0.187485    0.186 0.185964 0.184347 0.166421 0.126617 0.159085 0.160356 0.158355  0.18641 0.186576 0.185005 0.185164 0.182061 0.159874 0.159319 0.161002 0.157521 0.187338 0.186629 0.185972 0.184358 0.164129 0.159828 0.159646 0.160271 0.159347 0.187241 0.185585  0.18672 0.185971 0.185903 0.158839 0.160967 0.161936 0.160668
 0.19219 0.190183 0.187053 0.188163 0.165493  0.14902  0.14838 0.150489 0.189316 0.189372 0.189564 0.152872 0.147909 0.147421 0.147373 0.147594 0.189908 0.188771 0.188947 0.188564  0.17795 0.163606 0.150762 0.148235 0.146753 0.146828 0.188052 0.188879 0.188114 0.187851 0.166925 0.147295 0.146903 0.145394 0.145804 0.189393 0.187943 0.187927 0.186292  0.17097 0.159085 0.141616 0.146815 0.144948 0.188374  0.18856 0.187017 0.187296 0.184733 0.148224 0.146257  0.14789 0.144346 0.189317 0.188622 0.187989 0.186468 0.162746 0.149885 0.147174 0.147489 0.146458 0.189236 0.187597 0.188764 0.188128  0.18819 0.147738 0.148507 0.149206  0.14785
0.193197  0.19119 0.188062 0.189175 0.166513 0.149648 0.148763 0.150482 0.190322  0.19038 0.190574 0.153829 0.148726 0.147976 0.147326 0.147453 0.190913 0.189776 0.189955 0.189574 0.179042 0.164829 0.151985 0.149193  0.14714 0.146447 0.189056 0.189882  0.18912  0.18886 0.168185 0.149485 0.148063 0.144623 0.144933 0.190396 0.188944 0.188928 0.187296 0.172131 0.160356 0.146815 0.141616 0.142706 0.189373 0.189558 0.188014 0.188289 0.185708 0.148735 0.144935  0.14592  0.14245 0.190316  0.18962 0.188985 0.187457  0.16312   0.1497 0.146381 0.146206 0.144957 0.190233 0.188593 0.189758 0.189109 0.189146  0.14733 0.147505 0.147927 0.146446
0.191003 0.188996 0.185866 0.186975 0.164005 0.146809 0.145792 0.147277 0.188129 0.188185 0.188377 0.151168 0.145979 0.145101 0.144103 0.144159 0.188721 0.187583  0.18776 0.187378 0.176787 0.162473 0.149413 0.146499 0.144216 0.142985 0.186864 0.187691 0.186927 0.186666 0.165956 0.147222 0.145504 0.140958 0.140955 0.188205 0.186755 0.186739 0.185106 0.169969 0.158355 0.144948 0.142706 0.135426 0.187185 0.187371 0.185828 0.186107 0.183543 0.146941 0.143296 0.142875 0.137622 0.188128 0.187433 0.186799 0.185276 0.161129 0.147757 0.144399 0.143844 0.141915 0.188046 0.186407 0.187574 0.186931  0.18698 0.145356 0.145245 0.145337 0.143527
0.156265 0.154459 0.152857 0.155432  0.18799 0.188885 0.189085 0.191824 0.153188 0.154472 0.155907 0.189703 0.187433 0.188048 0.188781 0.189067 0.153142 0.152253 0.154288 0.155523 0.172242 0.184579 0.190136 0.189192 0.188242 0.188516 0.150398 0.151371 0.153769  0.15537 0.180954 0.189545 0.189465 0.187374 0.187741 0.150204 0.147935 0.150427 0.152274 0.177758  0.18641 0.188374 0.189373 0.187185 0.142783 0.148787 0.150085 0.154524 0.161848 0.189657 0.188506 0.190045 0.186456 0.147059 0.147766 0.149688 0.152519 0.189423 0.188828 0.188816 0.189388 0.188407 0.148433 0.148334 0.151645 0.155589  0.16071 0.187677 0.190071 0.191029 0.189737
0.157364 0.155525 0.153739 0.156221 0.188247 0.189081 0.189279 0.192015 0.154321 0.155399 0.156707 0.189907 0.187629 0.188242 0.188972 0.189258 0.154405 0.153439 0.155089 0.156166 0.172581 0.184816 0.190332 0.189385 0.188434 0.188706 0.151869 0.152273 0.154306 0.155796 0.181177 0.189735 0.189654 0.187563  0.18793 0.152235 0.149332 0.150203 0.152477 0.177941 0.186576  0.18856 0.189558 0.187371 0.148787 0.145649 0.149374 0.154361 0.161788 0.189838 0.188689 0.190229  0.18664 0.149936 0.148903 0.149305 0.152287 0.189562 0.189003 0.188998 0.189571  0.18859 0.149969 0.148882 0.151555 0.155384 0.160547 0.187854 0.190253 0.191211  0.18992
0.156984 0.155112 0.153131 0.155504 0.186802 0.187551 0.187745 0.190479 0.153973 0.154846 0.156009 0.188389 0.186101 0.186709 0.187436 0.187722 0.154174 0.153149 0.154413 0.155287  0.17125 0.183343 0.188803 0.187851 0.186898 0.187168 0.151813 0.152034 0.153338 0.154624 0.179682 0.188196 0.188116 0.186024  0.18639 0.152508 0.150133 0.149538 0.150996  0.17639 0.185005 0.187017 0.188014 0.185828 0.150085 0.149374 0.144849 0.152222 0.159871 0.188289 0.187142 0.188683 0.185096 0.150819 0.149813 0.148697 0.150184 0.187957 0.187444 0.187449 0.188024 0.187043 0.150541 0.148806 0.150394 0.153408 0.158598 0.186298 0.188704 0.189664 0.188373
0.160393 0.158487 0.156265 0.158463  0.18746 0.187882 0.188063 0.190786 0.157417 0.158072 0.159034 0.188763 0.186436 0.187028 0.187742 0.188026 0.157728 0.156661 0.157539 0.158092 0.172394 0.183895 0.189136 0.188166 0.187205 0.187468 0.155521 0.155871 0.156219 0.156996 0.180154 0.188494 0.188414 0.186318 0.186684 0.156438 0.154428 0.154067 0.153235 0.176615 0.185164 0.187296 0.188289 0.186107 0.154524 0.154361 0.152222 0.142946 0.157312 0.188543 0.187408 0.188952 0.185369 0.155228 0.154317 0.153293 0.150306 0.188006 0.187665 0.187706 0.188286 0.187309 0.154918 0.153031 0.153824 0.153842 0.158572 0.186532 0.188961 0.189926 0.188637
0.167218 0.165287 0.162851 0.164811 0.186419 0.185528 0.185655 0.188335 0.164267 0.164774  0.16555 0.186589 0.184102 0.184627 0.185285 0.185564 0.164648 0.163563 0.164253 0.164548 0.173541  0.18248 0.186792  0.18575 0.184754 0.184989 0.162528 0.163003 0.163022 0.163417 0.178473 0.186008 0.185926 0.183814 0.184178  0.16355 0.161685 0.161439 0.160309 0.173926 0.182061 0.184733 0.185708 0.183543 0.161848 0.161788 0.159871 0.157312 0.129571 0.185876 0.184791  0.18635 0.182781 0.162594 0.161731 0.160793 0.157994 0.184522  0.18487 0.185056 0.185658 0.184692 0.162325  0.16047  0.16126 0.159772 0.161378 0.183791 0.186311 0.187296 0.186015
0.193507 0.191501 0.188385 0.189513 0.168095 0.152263 0.151583 0.153574 0.190631 0.190696   0.1909 0.156036 0.151192 0.150687 0.150447 0.150631 0.191218 0.190082 0.190269 0.189899 0.179666 0.165991  0.15411 0.151673  0.15003 0.149776 0.189357 0.190177 0.189427 0.189175 0.168838 0.151173 0.150667 0.148199 0.148535 0.190691 0.189232 0.189213 0.187589 0.172406 0.159874 0.148224 0.148735 0.146941 0.189657 0.189838 0.188289 0.188543 0.185876 0.141748 0.147197 0.149139 0.145851 0.190596 0.189897 0.189257 0.187706 0.162237 0.148644 0.147304  0.14816 0.147373  0.19051 0.188866 0.190023 0.189338 0.189312 0.147022 0.148791 0.149852 0.148656
0.192341 0.190335 0.187212 0.188332 0.166193 0.149752 0.148955 0.150792 0.189466 0.189527 0.189726 0.153761 0.148765 0.148121 0.147649   0.1478 0.190056 0.188919 0.189101 0.188726 0.178327 0.164341 0.151875 0.149232 0.147364 0.146858 0.188196 0.189019 0.188264 0.188007 0.167497 0.149166 0.148141  0.14515 0.145439 0.189533 0.188079 0.188061 0.186433 0.171293 0.159319 0.146257 0.144935 0.143296 0.188506 0.188689 0.187142 0.187408 0.184791 0.147197 0.141616 0.144875 0.142009 0.189447  0.18875 0.188112 0.186573 0.161642 0.147873 0.144167 0.144133 0.143443 0.189362 0.187721 0.188882 0.188215 0.188221   0.1454 0.145474 0.146071  0.14482
0.193876 0.191869 0.188744 0.189861 0.167481 0.150792  0.14992 0.151636 0.191001 0.191061 0.191258 0.154921  0.14986 0.149135 0.148482   0.1486 0.191591 0.190454 0.190635 0.190258 0.179809 0.165734 0.153084 0.150347 0.148334 0.147578 0.189732 0.190556 0.189798 0.189541 0.168991 0.150561 0.149291 0.145759 0.145948  0.19107 0.189617   0.1896  0.18797 0.172845 0.161002  0.14789  0.14592 0.142875 0.190045 0.190229 0.188683 0.188952  0.18635 0.149139 0.144875 0.141451 0.141076 0.190986  0.19029 0.189653 0.188118 0.163362 0.149654 0.145984 0.144904 0.143252 0.190903 0.189262 0.190424 0.189764 0.189779 0.147137 0.146633 0.146624 0.145002
0.190281 0.188274 0.185148 0.186262 0.163633 0.146724 0.145778 0.147372 0.187407 0.187465  0.18766 0.150961 0.145842 0.145043 0.144209 0.144292 0.187997  0.18686  0.18704 0.186661 0.176157 0.161988  0.14917  0.14635 0.144205 0.143186  0.18614 0.186965 0.186205 0.185946 0.165342 0.146817 0.145335 0.141267 0.141314 0.187479 0.186027  0.18601 0.184379 0.169258 0.157521 0.144346  0.14245 0.137622 0.186456  0.18664 0.185096 0.185369 0.182781 0.145851 0.142009 0.141076  0.12972 0.187398 0.186702 0.186066 0.184536 0.160004 0.146407 0.142847 0.141829  0.13861 0.187315 0.185674 0.186838 0.186185 0.186213 0.143907 0.143318 0.142842 0.140369
0.157789  0.15597  0.15429  0.15682 0.188998 0.189837 0.190035 0.192772 0.154726 0.155927 0.157305 0.190663 0.188386 0.188999 0.189729 0.190015 0.154727 0.153813 0.155695 0.156851  0.17333 0.185572 0.191089 0.190141 0.189191 0.189463 0.152057 0.152923 0.155067 0.156589 0.181938 0.190492 0.190411  0.18832 0.188687 0.152011 0.149905 0.151689 0.153393 0.178713 0.187338 0.189317 0.190316 0.188128 0.147059 0.149936 0.150819 0.155228 0.162594 0.190596 0.189447 0.190986 0.187398 0.139337   0.1469 0.149721  0.15301 0.190321  0.18976 0.189755 0.190329 0.189348  0.14528 0.147318 0.151566 0.156032 0.161228 0.188611  0.19101 0.191969 0.190677
0.157631 0.155796 0.154027 0.156511 0.188354  0.18915 0.189346 0.192081 0.154583 0.155688 0.157003 0.189981 0.187699 0.188309 0.189038 0.189324 0.154644 0.153696 0.155398 0.156473  0.17275 0.184916 0.190401 0.189452   0.1885 0.188771 0.152067 0.152705 0.154647   0.1561 0.181274   0.1898 0.189719 0.187627 0.187994 0.152267 0.149869 0.151091 0.152799 0.178024 0.186629 0.188622  0.18962 0.187433 0.147766 0.148903 0.149813 0.154317 0.161731 0.189897  0.18875  0.19029 0.186702   0.1469  0.14353 0.148195 0.151962  0.18959 0.189056 0.189057 0.189631  0.18865 0.146227 0.146019 0.150286 0.154968 0.160214 0.187909 0.190312 0.191271  0.18998
0.157883 0.156028 0.154133 0.156546 0.187814 0.188529 0.188722 0.191454 0.154857 0.155829 0.157052 0.189372  0.18708 0.187686 0.188411 0.188696 0.154996 0.154006 0.155462 0.156411 0.172327 0.184354 0.189782 0.188827 0.187873 0.188142  0.15254  0.15297 0.154535 0.155864   0.1807 0.189171  0.18909 0.186997 0.187364 0.153012 0.150581 0.150977 0.152403 0.177404 0.185972 0.187989 0.188985 0.186799 0.149688 0.149305 0.148697 0.153293 0.160793 0.189257 0.188112 0.189653 0.186066 0.149721 0.148195 0.144769  0.15065  0.18889 0.188406 0.188417 0.188993 0.188013 0.148909 0.146614  0.14881 0.153645 0.158987 0.187262 0.189672 0.190633 0.189342
0.159114 0.157225 0.155114 0.157381 0.186682 0.187064 0.187242 0.189962 0.156122 0.156884 0.157936 0.187955  0.18562 0.186208 0.186918 0.187202 0.156375 0.155333 0.156411 0.157107  0.17172 0.183147 0.188321 0.187345 0.186382 0.186643 0.154085 0.154438 0.155237 0.156239 0.179462 0.187672 0.187589 0.185491 0.185857  0.15486 0.152702 0.152488 0.152603 0.176005 0.184358 0.186468 0.187457 0.185276 0.152519 0.152287 0.150184 0.150306 0.157994 0.187706 0.186573 0.188118 0.184536  0.15301 0.151962  0.15065  0.14394 0.187072  0.18681 0.186868  0.18745 0.186474 0.152504 0.150355 0.150537 0.149064 0.154706 0.185682 0.188122 0.189089 0.187801
0.193554 0.191561 0.188565  0.18984 0.177503 0.165661 0.165203 0.167377 0.190665 0.190808 0.191112 0.168649 0.164487 0.164276 0.164272 0.164478 0.191215 0.190088 0.190365 0.190107 0.183063 0.174387 0.167318 0.165311 0.163843 0.163693 0.189307  0.19007  0.18946 0.189308 0.174596 0.165065 0.164672 0.162218 0.162549 0.190584 0.189053 0.189003  0.18749 0.174836 0.164129 0.162746  0.16312 0.161129 0.189423 0.189562 0.187957 0.188006 0.184522 0.162237 0.161642 0.163362 0.160004 0.190321  0.18959  0.18889 0.187072 0.128696 0.157583  0.16127  0.16224 0.161444 0.190196 0.188506 0.189571 0.188448 0.187586 0.158079 0.162484 0.163828 0.162674
0.192725 0.190721 0.187625 0.188777 0.168774 0.153461 0.152773 0.154731 0.189846 0.189925 0.190145 0.157178 0.152405 0.151899 0.151602 0.151775 0.190428 0.189293 0.189495 0.189144 0.179435 0.166573 0.155386 0.152949 0.151244 0.150894 0.188559 0.189369 0.188643 0.188408 0.169032 0.152685 0.151983 0.149281 0.149588 0.189883 0.188413 0.188388 0.186784 0.172065 0.159828 0.149885   0.1497 0.147757 0.188828 0.189003 0.187444 0.187665  0.18487 0.148644 0.147873 0.149654 0.146407  0.18976 0.189056 0.188406  0.18681 0.157583 0.135986    0.147 0.148244 0.147552 0.189668 0.188016 0.189158 0.188398 0.188228 0.142975 0.148194  0.14979 0.148719
0.192663 0.190657 0.187539 0.188665  0.16693 0.150725 0.149955 0.151821 0.189787 0.189851 0.190054 0.154665 0.149719  0.14911 0.148682 0.148837 0.190375 0.189238 0.189425 0.189053 0.178782 0.165001  0.15279 0.150201 0.148379  0.14791 0.188514 0.189335 0.188584 0.188332 0.168022 0.150062 0.149145 0.146226 0.146511 0.189849 0.188391 0.188372 0.186748 0.171681 0.159646 0.147174 0.146381 0.144399 0.188816 0.188998 0.187449 0.187706 0.185056 0.147304 0.144167 0.145984 0.142847 0.189755 0.189057 0.188417 0.186868  0.16127    0.147 0.141492 0.144221 0.143743 0.189669 0.188026 0.189183   0.1885 0.188472 0.144276 0.144584  0.14595 0.144916
0.193228 0.191221 0.188101 0.189222 0.167197 0.150781 0.149968 0.151771 0.190352 0.190415 0.190615 0.154802 0.149806 0.149148 0.148626 0.148766 0.190941 0.189805 0.189988 0.189614 0.179262 0.165348 0.152942 0.150289 0.148387 0.147799 0.189081 0.189904  0.18915 0.188895 0.168475 0.150297 0.149229 0.146061 0.146305 0.190418 0.188962 0.188944 0.187317 0.172222 0.160271 0.147489 0.146206 0.143844 0.189388 0.189571 0.188024 0.188286 0.185658  0.14816 0.144133 0.144904 0.141829 0.190329 0.189631 0.188993  0.18745  0.16224 0.148244 0.144221 0.141572 0.142027 0.190244 0.188601 0.189761 0.189088  0.18908 0.145573  0.14432 0.144344 0.143321
0.192243 0.190236 0.187114 0.188233 0.166041 0.149484 0.148632 0.150375 0.189367 0.189429 0.189627 0.153567 0.148535 0.147837 0.147225 0.147348 0.189957  0.18882 0.189003 0.188627 0.178234  0.16425 0.151727 0.149025 0.147053 0.146342 0.188097 0.188921 0.188165 0.187909  0.16744 0.149166 0.147978 0.144551 0.144741 0.189435  0.18798 0.187962 0.186335 0.171234 0.159347 0.146458 0.144957 0.141915 0.188407  0.18859 0.187043 0.187309 0.184692 0.147373 0.143443 0.143252  0.13861 0.189348  0.18865 0.188013 0.186474 0.161444 0.147552 0.143743 0.142027 0.135301 0.189263 0.187621 0.188782 0.188115 0.188116 0.144914 0.143588 0.142135 0.139597
