2.04633 2.30171 2.49037  2.7444 3.14359 3.47763  2.2733 2.38619 2.47837  2.8535 3.06129 3.03981 2.36125 2.41315 2.42949 2.97827 2.39807 2.56625 3.34406 3.03303 2.88801 2.98396 2.56121 2.99644 2.95998 2.96104 2.91901 2.94118 2.92872 2.92743 3.02163 3.33611  3.0029 2.94434 3.00521
2.30171 2.06841 2.34972 2.61804 3.02341 3.36204 2.22231 2.26862 2.35594 2.73327 2.94997 2.92869 2.29892 2.31416 2.31511 2.86726 2.31309 2.46663 3.23352 2.92201 2.77728 2.87321 2.47451 2.89114   2.851 2.85096 2.80861 2.83065 2.81877 2.81714 2.91123 3.23778 2.89342 2.83436 2.89498
2.49037 2.34972 2.16693  2.5694 3.00421 3.36223 2.36924 2.33575 2.34341 2.71695 2.96613 2.94562 2.42334 2.39918 2.34013 2.88459 2.40542 2.52929  3.2544 2.93941 2.79567 2.89156 2.56245 2.92961 2.87603 2.87184 2.82827 2.84984 2.84013 2.83721 2.93084 3.29558 2.91647  2.8556 2.91528
 2.7444 2.61804  2.5694 2.26916 2.95725 3.38589 2.61365   2.575 2.48458 2.72883 3.03487 3.01655 2.65598 2.62443 2.52094 2.95674    2.62 2.72533 3.35617  3.0159 2.87119 2.96684 2.77137 3.06884 2.97118 2.95471 2.90758 2.92769   2.924  2.9175 3.00986 3.46665 3.00463  2.9391 2.99617
3.14359 3.02341 3.00421 2.95725 2.18713 3.28509 3.00835 2.97543 2.89098 2.96376 3.13467  3.1229 3.04319 3.01289 2.90513 3.06717 2.99426 3.09198 3.57167 3.15014 2.99193 3.08674 3.13826 3.33137 3.14545 3.09581 3.03838 3.05443 3.06643 3.05059 3.13955 3.77667 3.15833 3.07998 3.13047
3.47763 3.36204 3.36223 3.38589 3.28509 2.02367 3.33903 3.31288 3.24827 3.34488 3.04027 3.04402 3.36759 3.34027 3.23896 3.00026 3.30643 3.40016 3.73987 3.17704 2.95207  3.0435 3.44203 3.51153 3.20748 3.10113 3.02044 3.02664 3.07095 3.03706 3.11813 4.00767 3.17922 3.08057 3.11854
 2.2733 2.22231 2.36924 2.61365 3.00835 3.33903 2.03526 2.25191  2.3451  2.7184 2.91962 2.89799 2.18438   2.263 2.29055 2.83638 2.23678 2.41611 3.20187 2.89113 2.74591 2.84186 2.40138 2.85034 2.81665 2.81846 2.77665 2.79891 2.78603 2.78498 2.87928 3.18485 2.85987 2.80168 2.86272
2.38619 2.26862 2.33575   2.575 2.97543 3.31288 2.25191 2.08988 2.30066 2.68359 2.90064 2.87936 2.30201 2.24986  2.2494 2.81793 2.28273 2.41437  3.1823 2.87246 2.72793 2.82387 2.44274 2.84129  2.8016 2.80163 2.75927 2.78131 2.76946 2.76781 2.86189 3.19319 2.84415 2.78505 2.84566
2.47837 2.35594 2.34341 2.48458 2.89098 3.24827  2.3451 2.30066 2.05225 2.58358 2.85465 2.83437 2.38533 2.34795 2.21168  2.7735 2.34666 2.44742 3.13874 2.82771 2.68501 2.78087 2.49951 2.82912 2.76769   2.762 2.71804 2.73947 2.73056 2.72714 2.82065 3.21043 2.80763 2.74602 2.80533
 2.8535 2.73327 2.71695 2.72883 2.96376 3.34488  2.7184 2.68359 2.58358 2.18137 3.00583 2.98867 2.75391 2.72165 2.60374 2.92944 2.70669 2.80236 3.32982 2.98515 2.84541 2.94112 2.85345 3.08932 2.95849 2.93273 2.88378 2.90331 2.90327  2.8945 2.98614 3.51586 2.98792 2.91825 2.97357
3.06129 2.94997 2.96613 3.03487 3.13467 3.04027 2.91962 2.90064 2.85465 3.00583 1.87357 2.10987 2.94208 2.91915 2.82633 2.08442 2.87082 2.96251 3.19649 2.49587  2.1097 2.18756 2.99929 2.94124 2.52119 2.34848 2.22332  2.2061 2.30947 2.24505 2.31004 3.48579 2.43528 2.30977 2.32875
3.03981 2.92869 2.94562 3.01655  3.1229 3.04402 2.89799 2.87936 2.83437 2.98867 2.10987 1.77414 2.92017 2.89744 2.80512 1.94865 2.84838 2.93995 3.17053 2.46624  2.0517 2.10626 2.97645 2.91122 2.48441 2.30651 2.17367 2.14643 2.26448 2.19383 2.25339 3.45866 2.39136 2.26211  2.2769
2.36125 2.29892 2.42334 2.65598 3.04319 3.36759 2.18438 2.30201 2.38533 2.75391 2.94208 2.92017 2.04302 2.29301 2.32328 2.85842 2.21307 2.42632 3.22401 2.91323 2.76759 2.86356   2.379 2.86428 2.83619 2.83929 2.79787  2.8203 2.80666 2.80605 2.90051 3.18652 2.87991 2.82233  2.8837
2.41315 2.31416 2.39918 2.62443 3.01289 3.34027   2.263 2.24986 2.34795 2.72165 2.91915 2.89744 2.29301  2.0992 2.27762 2.83578 2.25711  2.4001 3.19885 2.89027 2.74519 2.84116 2.42163 2.84683 2.81522 2.81749  2.7758 2.79811 2.78504  2.7841 2.87844 3.18673 2.85878 2.80069 2.86181
2.42949 2.31511 2.34013 2.52094 2.90513 3.23896 2.29055  2.2494 2.21168 2.60374 2.82633 2.80512 2.32328 2.27762 1.99161 2.74371 2.27285 2.35755  3.0995 2.79715  2.6538 2.74976 2.42549 2.76886 2.72781 2.72775 2.68529 2.70729 2.69582 2.69393 2.78795 3.14135 2.77094 2.71142 2.77183
2.97827 2.86726 2.88459 2.95674 3.06717 3.00026 2.83638 2.81793  2.7735 2.92944 2.08442 1.94865 2.85842 2.83578 2.74371 1.79265 2.78635 2.87784  3.1068 2.40015 1.97346 2.02489  2.9142  2.8458 2.41585 2.23524 2.09943 2.06946 2.19216 2.11937  2.1774 3.39441 2.31964 2.18895 2.20237
2.39807 2.31309 2.40542    2.62 2.99426 3.30643 2.23678 2.28273 2.34666 2.70669 2.87082 2.84838 2.21307 2.25711 2.27285 2.78635   1.981 2.33015 3.15213  2.8411 2.69474 2.79075 2.23578 2.77738 2.75913 2.76475 2.72411 2.74686 2.73172 2.73198 2.82677 3.07553 2.80377 2.74745 2.80947
2.56625 2.46663 2.52929 2.72533 3.09198 3.40016 2.41611 2.41437 2.44742 2.80236 2.96251 2.93995 2.42632  2.4001 2.35755 2.87784 2.33015 2.22916 3.23602 2.93193 2.78606 2.88209 2.47619 2.86092 2.84858 2.85558 2.81524 2.83809 2.82263 2.82307 2.91792 3.20039 2.89468 2.83842 2.90053
3.34406 3.23352  3.2544 3.35617 3.57167 3.73987 3.20187  3.1823 3.13874 3.32982 3.19649 3.17053 3.22401 3.19885  3.0995  3.1068 3.15213 3.23602 2.06475 3.09771 3.01082 3.10804 3.28339 3.23433 3.04574 3.07115 3.03776 3.06272 3.04628 3.04732 3.14265 3.81871 3.12951 3.06459  3.1254
3.03303 2.92201 2.93941  3.0159 3.15014 3.17704 2.89113 2.87246 2.82771 2.98515 2.49587 2.46624 2.91323 2.89027 2.79715 2.40015  2.8411 2.93193 3.09771 1.94072 2.29867 2.39883 2.96917 2.90126 2.46575  2.3618  2.3288 2.35548 2.35583 2.34538 2.43867 3.45721 2.46869 2.37681 2.42676
2.88801 2.77728 2.79567 2.87119 2.99193 2.95207 2.74591 2.72793 2.68501 2.84541  2.1097  2.0517 2.76759 2.74519  2.6538 1.97346 2.69474 2.78606 3.01082 2.29867 1.77014 1.95429 2.82198 2.74498 2.30631 2.11834 1.97137 1.94738 2.07247  1.9944  2.0556 3.29675 2.20204 2.06787 2.07966
2.98396 2.87321 2.89156 2.96684 3.08674  3.0435 2.84186 2.82387 2.78087 2.94112 2.18756 2.10626 2.86356 2.84116 2.74976 2.02489 2.79075 2.88209 3.10804 2.39883 1.95429 1.76381 2.91801  2.8415 2.40384 2.21713 2.07031  2.0078 2.16846 2.08386 2.12349 3.39296 2.29683 2.15928  2.1629
2.56121 2.47451 2.56245 2.77137 3.13826 3.44203 2.40138 2.44274 2.49951 2.85345 2.99929 2.97645   2.379 2.42163 2.42549  2.9142 2.23578 2.47619 3.28339 2.96917 2.82198 2.91801 2.08621 2.89639 2.88331 2.89067 2.85058 2.87358 2.85724  2.8582 2.95324 3.15584 2.92812 2.87298 2.93555
2.99644 2.89114 2.92961 3.06884 3.33137 3.51153 2.85034 2.84129 2.82912 3.08932 2.94124 2.91122 2.86428 2.84683 2.76886  2.8458 2.77738 2.86092 3.23433 2.90126 2.74498  2.8415 2.89639 2.06161 2.73637 2.79278 2.76326 2.79009 2.75615 2.76764 2.86638 3.33291 2.81686 2.77342 2.84338
2.95998   2.851 2.87603 2.97118 3.14545 3.20748 2.81665  2.8016 2.76769 2.95849 2.52119 2.48441 2.83619 2.81522 2.72781 2.41585 2.75913 2.84858 3.04574 2.46575 2.30631 2.40384 2.88331 2.73637 1.90469 2.32263 2.31527  2.3473 2.29587 2.31902  2.4213 3.33308 2.36941 2.31952 2.39444
2.96104 2.85096 2.87184 2.95471 3.09581 3.10113 2.81846 2.80163   2.762 2.93273 2.34848 2.30651 2.83929 2.81749 2.72775 2.23524 2.76475 2.85558 3.07115  2.3618 2.11834 2.21713 2.89067 2.79278 2.32263 1.94356 2.11738 2.15784  2.0972 2.12828 2.23262 3.35338 2.23931 2.14508 2.20838
2.91901 2.80861 2.82827 2.90758 3.03838 3.02044 2.77665 2.75927 2.71804 2.88378 2.22332 2.17367 2.79787  2.7758 2.68529 2.09943 2.72411 2.81524 3.03776  2.3288 1.97137 2.07031 2.85058 2.76326 2.31527 2.11738 1.87073 2.00189 2.05908 1.97538 2.08583 3.31846 2.19418 2.05658 2.08098
2.94118 2.83065 2.84984 2.92769 3.05443 3.02664 2.79891 2.78131 2.73947 2.90331  2.2061 2.14643  2.8203 2.79811 2.70729 2.06946 2.74686 2.83809 3.06272 2.35548 1.94738  2.0078 2.87358 2.79009  2.3473 2.15784 2.00189 1.78319 2.09854 1.99399 1.98808 3.34374 2.22557 2.07715 2.05949
2.92872 2.81877 2.84013   2.924 3.06643 3.07095 2.78603 2.76946 2.73056 2.90327 2.30947 2.26448 2.80666 2.78504 2.69582 2.19216 2.73172 2.82263 3.04628 2.35583 2.07247 2.16846 2.85724 2.75615 2.29587  2.0972 2.05908 2.09854 1.92589 2.05354 2.16567 3.31598 2.14904 2.04778 2.12858
2.92743 2.81714 2.83721  2.9175 3.05059 3.03706 2.78498 2.76781 2.72714  2.8945 2.24505 2.19383 2.80605  2.7841 2.69393 2.11937 2.73198 2.82307 3.04732 2.34538  1.9944 2.08386  2.8582 2.76764 2.31902 2.12828 1.97538 1.99399 2.05354 1.84465 2.05489 3.32333 2.18043 2.02262 2.03008
3.02163 2.91123 2.93084 3.00986 3.13955 3.11813 2.87928 2.86189 2.82065 2.98614 2.31004 2.25339 2.90051 2.87844 2.78795  2.1774 2.82677 2.91792 3.14265 2.43867  2.0556 2.12349 2.95324 2.86638  2.4213 2.23262 2.08583 1.98808 2.16567 2.05489 1.78492 3.42091 2.28839 2.12725  2.0624
3.33611 3.23778 3.29558 3.46665 3.77667 4.00767 3.18485 3.19319 3.21043 3.51586 3.48579 3.45866 3.18652 3.18673 3.14135 3.39441 3.07553 3.20039 3.81871 3.45721 3.29675 3.39296 3.15584 3.33291 3.33308 3.35338 3.31846 3.34374 3.31598 3.32333 3.42091 2.09722 3.37558 3.33191 3.39943
 3.0029 2.89342 2.91647 3.00463 3.15833 3.17922 2.85987 2.84415 2.80763 2.98792 2.43528 2.39136 2.87991 2.85878 2.77094 2.31964 2.80377 2.89468 3.12951 2.46869 2.20204 2.29683 2.92812 2.81686 2.36941 2.23931 2.19418 2.22557 2.14904 2.18043 2.28839 3.37558 2.00305 2.13608 2.24314
2.94434 2.83436  2.8556  2.9391 3.07998 3.08057 2.80168 2.78505 2.74602 2.91825 2.30977 2.26211 2.82233 2.80069 2.71142 2.18895 2.74745 2.83842 3.06459 2.37681 2.06787 2.15928 2.87298 2.77342 2.31952 2.14508 2.05658 2.07715 2.04778 2.02262 2.12725 3.33191 2.13608 1.85063 2.05751
3.00521 2.89498 2.91528 2.99617 3.13047 3.11854 2.86272 2.84566 2.80533 2.97357 2.32875  2.2769  2.8837 2.86181 2.77183 2.20237 2.80947 2.90053  3.1254 2.42676 2.07966  2.1629 2.93555 2.84338 2.39444 2.20838 2.08098 2.05949 2.12858 2.03008  2.0624 3.39943 2.24314 2.05751 1.79912
