1.567481 1.566092 1.839108 2.610298 2.291479 2.584868 1.370134 1.882470 1.826992 2.262390 2.656270 2.202132 1.606589 2.026309 1.748720 2.482218 2.021915 2.503659 2.562044 1.672223 1.876986 2.477864 1.747558 1.881424 2.061998 2.107884 2.624065 2.805038 2.240600 2.321631 2.624376 3.080610 2.446835 2.518134 1.981590
1.566092 1.565844 1.640801 2.174975 2.051099 2.148659 1.640073 1.755059 1.848647 2.395459 2.205348 1.917268 1.696458 1.731442 1.692118 2.275422 1.815963 2.296748 2.351891 1.689092 1.612116 2.185819 1.803139 1.627544 1.563519 1.626456 2.322487 2.557006 2.071279 1.986127 2.273351 2.538721 2.202636 2.210585 1.860831
1.839108 1.640801 1.767217 2.106043 1.685508 2.151073 1.682640 1.670035 1.471272 2.308398 2.234237 2.080128 1.902481 1.794217 1.903608 2.183552 1.998002 2.573570 2.362705 1.942467 1.456892 2.318237 2.035726 1.676056 1.785529 2.036724 2.400511 2.419401 2.172263 2.240212 2.323024 2.418679 2.182902 2.119192 1.752099
2.610298 2.174975 2.106043 3.194281 2.570091 3.050322 3.023589 2.625884 1.822770 3.114474 2.424081 2.256924 2.571314 2.566070 2.265624 2.674593 2.765128 2.781028 2.564855 2.395200 0.956765 2.571985 2.904768 2.824623 2.127827 2.362480 2.452256 2.988330 1.977141 2.239487 2.358785 2.302967 2.190621 2.098653 1.984814
2.291479 2.051099 1.685508 2.570091 0.000000 2.619360 2.975234 2.071165 1.520584 2.342752 2.393678 2.372010 1.726477 2.104754 2.217531 2.345279 1.912900 3.663964 2.852466 2.306469 1.622231 2.613403 2.409029 2.752513 1.742372 2.261840 2.907265 2.035423 3.256524 3.063954 3.003756 2.878164 2.441086 2.436329 2.543797
2.584868 2.148659 2.151073 3.050322 2.619360 0.000000 2.163927 2.305026 2.591996 3.951962 2.607477 2.242538 2.248943 1.795023 2.099107 2.827961 2.043260 2.408902 1.765017 2.450361 2.089979 2.061935 3.012841 2.139021 1.730114 2.130752 2.479688 1.884146 2.265898 2.079259 2.526128 3.978341 2.454866 2.373497 2.169777
1.370134 1.640073 1.682640 3.023589 2.975234 2.163927 0.860359 1.489251 2.166437 1.804391 1.987576 2.017162 1.494674 2.098123 1.662704 2.161383 1.812969 2.351784 1.870920 1.436100 2.141213 2.093823 1.505644 1.202031 2.119576 1.571679 2.141379 2.186788 1.762621 2.081343 2.182751 2.617533 2.311105 2.266947 1.367436
1.882470 1.755059 1.670035 2.625884 2.071165 2.305026 1.489251 1.537996 1.740491 2.242400 2.594705 2.231358 1.916284 1.892658 1.656863 2.352209 1.821475 2.713554 2.214628 1.890642 1.852649 2.207209 1.920019 1.646137 1.614374 1.843527 2.395384 2.282097 2.204276 2.323903 2.311041 2.166594 2.192854 2.165769 1.698195
1.826992 1.848647 1.471272 1.822770 1.520584 2.591996 2.166437 1.740491 0.883051 2.224090 2.417393 1.815925 1.951046 1.599039 1.701700 2.068041 1.825073 2.690722 2.132682 1.942314 0.716581 1.780306 1.811690 2.367187 1.191149 2.575366 1.948850 1.824566 1.892156 1.995200 1.949477 2.517365 1.508799 1.586120 1.387903
2.262390 2.395459 2.308398 3.114474 2.342752 3.951962 1.804391 2.242400 2.224090 0.000000 2.669038 2.717107 2.204192 2.823872 1.991384 2.708252 2.488041 4.141806 2.878720 2.488212 2.607582 2.554776 2.189383 2.520476 1.604234 2.535845 2.975018 2.687537 2.708508 3.107630 3.192653 2.759535 2.116602 2.505220 1.971388
2.656270 2.205348 2.234237 2.424081 2.393678 2.607477 1.987576 2.594705 2.417393 2.669038 0.000000 1.117974 2.334447 2.751199 2.433987 1.402747 2.560569 2.957729 1.924432 2.286759 1.691990 1.872195 2.488849 1.679748 2.169658 1.095671 1.678165 1.392137 1.682950 2.006720 2.222994 1.949048 2.140123 1.970857 1.759329
2.202132 1.917268 2.080128 2.256924 2.372010 2.242538 2.017162 2.231358 1.815925 2.717107 1.117974 0.973037 2.105857 2.298427 1.886643 1.403928 2.056651 2.148437 1.452241 1.812652 1.235052 1.263183 1.999794 1.915080 1.584021 1.480902 1.432579 0.949080 1.623783 1.624241 1.599916 1.905815 1.739686 1.642231 1.635594
1.606589 1.696458 1.902481 2.571314 1.726477 2.248943 1.494674 1.916284 1.951046 2.204192 2.334447 2.105857 1.415733 2.141765 1.774307 2.395911 1.962658 2.672518 2.205459 1.391749 1.852822 2.210496 1.610883 2.130651 1.648557 1.937306 2.437779 2.382300 2.247929 2.288005 2.532068 2.984037 2.365610 2.399826 1.907856
2.026309 1.731442 1.794217 2.566070 2.104754 1.795023 2.098123 1.892658 1.599039 2.823872 2.751199 2.298427 2.141765 2.326644 1.927980 2.485414 1.940981 2.489536 2.180329 1.970021 1.655055 2.081922 2.111889 1.778935 1.684962 2.401007 2.400698 2.269477 2.083248 2.045337 2.402867 2.922804 2.067262 2.148319 2.029555
1.748720 1.692118 1.903608 2.265624 2.217531 2.099107 1.662704 1.656863 1.701700 1.991384 2.433987 1.886643 1.774307 1.927980 1.386872 2.581614 1.761705 2.392556 2.066160 1.806310 1.522498 2.063807 1.858845 2.287655 1.333230 1.868437 2.221354 2.007362 2.044489 2.305170 2.416458 2.209282 1.804531 1.964381 1.678158
2.482218 2.275422 2.183552 2.674593 2.345279 2.827961 2.161383 2.352209 2.068041 2.708252 1.402747 1.403928 2.395911 2.485414 2.581614 1.734092 2.373872 2.814082 1.654750 2.042253 1.819155 1.521242 2.278587 1.713588 1.980465 1.639514 1.713257 1.233250 1.616692 1.752926 1.826010 2.241381 2.009845 1.741165 1.727111
2.021915 1.815963 1.998002 2.765128 1.912900 2.043260 1.812969 1.821475 1.825073 2.488041 2.560569 2.056651 1.962658 1.940981 1.761705 2.373872 2.101607 2.971016 2.161780 1.954206 1.936958 2.012486 2.013427 2.077870 1.691681 2.059001 2.251152 1.905357 2.293506 2.233185 2.266747 2.822626 2.119335 2.140937 1.963820
2.503659 2.296748 2.573570 2.781028 3.663964 2.408902 2.351784 2.713554 2.690722 4.141806 2.957729 2.148437 2.672518 2.489536 2.392556 2.814082 2.971016 1.611144 2.292745 2.140911 1.844657 2.399235 2.700013 2.170582 2.099998 2.619515 2.647153 2.584594 2.239140 2.369117 2.795291 2.370354 2.735891 2.582546 2.402286
2.562044 2.351891 2.362705 2.564855 2.852466 1.765017 1.870920 2.214628 2.132682 2.878720 1.924432 1.452241 2.205459 2.180329 2.066160 1.654750 2.161780 2.292745 1.254028 1.803088 1.596305 1.178238 2.422059 1.677863 1.281158 1.897218 1.552923 1.275597 1.435285 1.397942 1.614722 2.383418 1.939661 1.595916 1.463374
1.672223 1.689092 1.942467 2.395200 2.306469 2.450361 1.436100 1.890642 1.942314 2.488212 2.286759 1.812652 1.391749 1.970021 1.806310 2.042253 1.954206 2.140911 1.803088 1.367425 1.562044 1.840613 1.615595 1.509509 1.636404 1.880558 2.058252 2.217858 1.775445 1.832256 2.232432 2.285097 2.155188 2.082746 1.780018
1.876986 1.612116 1.456892 0.956765 1.622231 2.089979 2.141213 1.852649 0.716581 2.607582 1.691990 1.235052 1.852822 1.655055 1.522498 1.819155 1.936958 1.844657 1.596305 1.562044 0.000000 1.486283 1.997288 2.376500 1.090821 1.829764 1.612872 1.441223 1.233992 1.490744 1.514545 1.520038 1.234999 1.241848 1.205662
2.477864 2.185819 2.318237 2.571985 2.613403 2.061935 2.093823 2.207209 1.780306 2.554776 1.872195 1.263183 2.210496 2.081922 2.063807 1.521242 2.012486 2.399235 1.178238 1.840613 1.486283 1.184364 2.112698 2.033529 1.027669 1.827753 1.377209 0.954115 1.382974 1.328896 1.476526 2.475260 1.694993 1.477905 1.495690
1.747558 1.803139 2.035726 2.904768 2.409029 3.012841 1.505644 1.920019 1.811690 2.189383 2.488849 1.999794 1.610883 2.111889 1.858845 2.278587 2.013427 2.700013 2.422059 1.615595 1.997288 2.112698 1.683017 1.982011 1.878915 2.312762 2.263898 2.350843 2.246079 2.349351 2.498892 2.858219 2.242930 2.372126 1.962866
1.881424 1.627544 1.676056 2.824623 2.752513 2.139021 1.202031 1.646137 2.367187 2.520476 1.679748 1.915080 2.130651 1.778935 2.287655 1.713588 2.077870 2.170582 1.677863 1.509509 2.376500 2.033529 1.982011 0.000000 1.875699 1.700051 2.153354 2.499032 1.783941 1.925999 2.605682 1.933250 2.506876 2.228269 1.756213
2.061998 1.563519 1.785529 2.127827 1.742372 1.730114 2.119576 1.614374 1.191149 1.604234 2.169658 1.584021 1.648557 1.684962 1.333230 1.980465 1.691681 2.099998 1.281158 1.636404 1.090821 1.027669 1.878915 1.875699 0.000000 1.466042 1.364784 1.588957 1.397847 1.255505 1.749283 2.245510 1.497774 1.388014 1.294355
2.107884 1.626456 2.036724 2.362480 2.261840 2.130752 1.571679 1.843527 2.575366 2.535845 1.095671 1.480902 1.937306 2.401007 1.868437 1.639514 2.059001 2.619515 1.897218 1.880558 1.829764 1.827753 2.312762 1.700051 1.466042 0.000000 1.902283 1.661518 1.506863 1.669549 1.932333 1.493346 2.175183 1.906963 1.589213
2.624065 2.322487 2.400511 2.452256 2.907265 2.479688 2.141379 2.395384 1.948850 2.975018 1.678165 1.432579 2.437779 2.400698 2.221354 1.713257 2.251152 2.647153 1.552923 2.058252 1.612872 1.377209 2.263898 2.153354 1.364784 1.902283 1.748820 1.360928 1.445369 1.480936 1.574254 2.714193 1.866265 1.650468 1.535963
2.805038 2.557006 2.419401 2.988330 2.035423 1.884146 2.186788 2.282097 1.824566 2.687537 1.392137 0.949080 2.382300 2.269477 2.007362 1.233250 1.905357 2.584594 1.275597 2.217858 1.441223 0.954115 2.350843 2.499032 1.588957 1.661518 1.360928 0.000000 1.618171 1.718063 1.434787 2.502903 1.504402 1.257349 1.487997
2.240600 2.071279 2.172263 1.977141 3.256524 2.265898 1.762621 2.204276 1.892156 2.708508 1.682950 1.623783 2.247929 2.083248 2.044489 1.616692 2.293506 2.239140 1.435285 1.775445 1.233992 1.382974 2.246079 1.783941 1.397847 1.506863 1.445369 1.618171 1.572324 1.173088 1.494328 2.336059 1.497512 1.276773 1.171663
2.321631 1.986127 2.240212 2.239487 3.063954 2.079259 2.081343 2.323903 1.995200 3.107630 2.006720 1.624241 2.288005 2.045337 2.305170 1.752926 2.233185 2.369117 1.397942 1.832256 1.490744 1.328896 2.349351 1.925999 1.255505 1.669549 1.480936 1.718063 1.173088 1.418981 1.383580 2.609048 1.822967 1.637137 1.514453
2.624376 2.273351 2.323024 2.358785 3.003756 2.526128 2.182751 2.311041 1.949477 3.192653 2.222994 1.599916 2.532068 2.402867 2.416458 1.826010 2.266747 2.795291 1.614722 2.232432 1.514545 1.476526 2.498892 2.605682 1.749283 1.932333 1.574254 1.434787 1.494328 1.383580 1.327740 2.802106 1.993689 1.691660 1.491955
3.080610 2.538721 2.418679 2.302967 2.878164 3.978341 2.617533 2.166594 2.517365 2.759535 1.949048 1.905815 2.984037 2.922804 2.209282 2.241381 2.822626 2.370354 2.383418 2.285097 1.520038 2.475260 2.858219 1.933250 2.245510 1.493346 2.714193 2.502903 2.336059 2.609048 2.802106 0.000000 2.607191 2.377971 2.214335
2.446835 2.202636 2.182902 2.190621 2.441086 2.454866 2.311105 2.192854 1.508799 2.116602 2.140123 1.739686 2.365610 2.067262 1.804531 2.009845 2.119335 2.735891 1.939661 2.155188 1.234999 1.694993 2.242930 2.506876 1.497774 2.175183 1.866265 1.504402 1.497512 1.822967 1.993689 2.607191 1.745115 1.480148 1.506054
2.518134 2.210585 2.119192 2.098653 2.436329 2.373497 2.266947 2.165769 1.586120 2.505220 1.970857 1.642231 2.399826 2.148319 1.964381 1.741165 2.140937 2.582546 1.595916 2.082746 1.241848 1.477905 2.372126 2.228269 1.388014 1.906963 1.650468 1.257349 1.276773 1.637137 1.691660 2.377971 1.480148 1.405986 1.347714
1.981590 1.860831 1.752099 1.984814 2.543797 2.169777 1.367436 1.698195 1.387903 1.971388 1.759329 1.635594 1.907856 2.029555 1.678158 1.727111 1.963820 2.402286 1.463374 1.780018 1.205662 1.495690 1.962866 1.756213 1.294355 1.589213 1.535963 1.487997 1.171663 1.514453 1.491955 2.214335 1.506054 1.347714 1.290196
