2.035320 2.340596 2.474252 2.856870 3.150107 3.586524 2.209626 2.385146 2.485520 2.958123 3.161104 3.159414 2.355101 2.375154 2.445633 3.059045 2.517186 3.330447 3.096081 2.421946 3.058740 2.961855 2.567703 2.861328 3.029613 3.034480 2.981265 3.005810 3.019030 3.022271 3.097632 3.253348 3.098970 3.043360 3.111383
2.340596 2.065077 2.282265 2.700780 3.002579 3.454528 2.238102 2.226459 2.326631 2.809696 3.035154 3.033969 2.326960 2.275160 2.318622 2.933852 2.416142 3.203366 2.971217 2.347382 2.935211 2.837362 2.491146 2.751490 2.908120 2.911474 2.857225 2.881581 2.896062 2.898413 2.973614 3.151967 2.976645 2.919798 2.987557
2.474252 2.282265 2.120408 2.653109 2.973049 3.452104 2.358579 2.272268 2.289293 2.779778 3.043075 3.042774 2.429265 2.348914 2.352775 2.943144 2.474195 3.212255 2.981111 2.423743 2.947763 2.847917 2.565030 2.786543 2.924014 2.924653 2.868564 2.892587 2.909237 2.910051 2.984978 3.197647 2.990880 2.931937 2.999250
2.856870 2.700780 2.653109 2.273457 2.841278 3.507710 2.734457 2.660777 2.592439 2.719983 3.150577 3.154792 2.791739 2.703525 2.676284 3.057691 2.798714 3.365957 3.098848 2.759094 3.080980 2.969268 2.894691 3.020470 3.072750 3.058977 2.993906 3.016209 3.043120 3.036838 3.110364 3.455609 3.129403 3.061125 3.126315
3.150107 3.002579 2.973049 2.841278 2.226287 3.443463 3.025754 2.962202 2.909761 2.835558 3.181044 3.192178 3.078157 2.991959 2.965974 3.098661 3.076311 3.508623 3.144345 3.033054 3.152635 3.020193 3.164067 3.210623 3.162744 3.129351 3.050663 3.070346 3.112453 3.095789 3.167237 3.662683 3.204779 3.123636 3.185612
3.586524 3.454528 3.452104 3.507710 3.443463 2.103632 3.458505 3.415421 3.393878 3.452897 2.876770 2.927074 3.501315 3.420531 3.402019 2.856233 3.484904 3.720536 2.932809 3.432228 3.091589 2.837940 3.554555 3.425329 3.138862 3.039301 2.895169 2.901069 3.007351 2.947821 3.009749 3.906350 3.118671 2.990066 3.038803
2.209626 2.238102 2.358579 2.734457 3.025754 3.458505 2.027168 2.265064 2.364106 2.834015 3.031691 3.029884 2.196076 2.242621 2.317648 2.929458 2.382803 3.201421 2.966418 2.279346 2.928783 2.832107 2.425600 2.728233 2.899164 2.904383 2.851410 2.875998 2.888922 2.892373 2.967771 3.118042 2.968712 2.913391 2.981478
2.385146 2.226459 2.272268 2.660777 2.962202 3.415421 2.265064 2.087411 2.272579 2.768094 2.996989 2.995898 2.333316 2.239470 2.260363 2.895833 2.379911 3.163231 2.933255 2.329556 2.897402 2.799466 2.472280 2.716715 2.870690 2.873846 2.819419 2.843739 2.858475 2.860643 2.935815 3.121000 2.939227 2.882083 2.949792
2.485520 2.326631 2.289293 2.592439 2.909761 3.393878 2.364106 2.272579 2.094964 2.710512 2.987510 2.987462 2.425109 2.332184 2.296933 2.887969 2.439815 3.152813 2.926122 2.404237 2.893287 2.793128 2.543934 2.740181 2.870828 2.870644 2.814022 2.837947 2.855300 2.855619 2.930459 3.158065 2.937322 2.877667 2.944838
2.958123 2.809696 2.779778 2.719983 2.835558 3.452897 2.834015 2.768094 2.710512 2.246696 3.112455 3.118458 2.887262 2.799604 2.770400 3.022158 2.885271 3.338391 3.064520 2.845068 3.051624 2.936366 2.977697 3.052889 3.053350 3.032243 2.962889 2.984487 3.016824 3.006724 3.079578 3.501072 3.105831 3.032336 3.096352
3.161104 3.035154 3.043075 3.150577 3.181044 2.876770 3.031691 2.996989 2.987510 3.112455 1.938551 2.160084 3.070857 2.992457 2.977941 2.107793 3.048989 3.233774 2.209351 2.991741 2.483423 2.144710 3.110264 2.910050 2.534880 2.406314 2.221781 2.215613 2.363090 2.276663 2.331620 3.404553 2.482658 2.328008 2.367677
3.159414 3.033969 3.042774 3.154792 3.192178 2.927074 3.029884 2.995898 2.987462 3.118458 2.160084 1.780919 3.068737 2.990586 2.976435 1.984983 3.046504 3.228406 2.133719 2.988781 2.466513 2.105202 3.106974 2.900239 2.515505 2.382994 2.188516 2.175704 2.336111 2.242254 2.294003 3.395890 2.456570 2.296093 2.332819
2.355101 2.326960 2.429265 2.791739 3.078157 3.501315 2.196076 2.333316 2.425109 2.887262 3.070857 3.068737 2.036930 2.287853 2.366149 2.968159 2.413522 3.242051 3.004917 2.274888 2.966513 2.870379 2.422384 2.757465 2.935500 2.941694 2.889392 2.914097 2.926199 2.930234 3.005732 3.139856 3.005554 2.951062 3.019318
2.375154 2.275160 2.348914 2.703525 2.991959 3.420531 2.242621 2.239470 2.332184 2.799604 2.992457 2.990586 2.287853 2.084919 2.250476 2.890122 2.314170 3.159999 2.927032 2.267255 2.888925 2.792657 2.412457 2.686070 2.859054 2.864592 2.811889 2.836503 2.849192 2.852822 2.928240 3.081320 2.928898 2.873798 2.941920
2.445633 2.318622 2.352775 2.676284 2.965974 3.402019 2.317648 2.260363 2.296933 2.770400 2.977941 2.976435 2.366149 2.250476 2.074979 2.876139 2.333063 3.137881 2.913286 2.327926 2.875584 2.779165 2.468349 2.684409 2.847548 2.852063 2.798740 2.823221 2.836857 2.839827 2.915128 3.095561 2.917180 2.861033 2.928945
3.059045 2.933852 2.943144 3.057691 3.098661 2.856233 2.929458 2.895833 2.887969 3.022158 2.107793 1.984983 2.968159 2.890122 2.876139 1.808490 2.945710 3.125821 1.992480 2.887779 2.358210 1.986447 3.005811 2.795691 2.406217 2.271875 2.072626 2.056342 2.223186 2.125670 2.175742 3.291874 2.344060 2.180708 2.215984
2.517186 2.416142 2.474195 2.798714 3.076311 3.484904 2.382803 2.379911 2.439815 2.885271 3.048989 3.046504 2.413522 2.314170 2.333063 2.945710 2.217344 3.215437 2.982202 2.338675 2.942100 2.847355 2.479166 2.722025 2.909864 2.917339 2.866013 2.890868 2.901983 2.906719 2.982343 3.120640 2.980985 2.927336 2.995782
3.330447 3.203366 3.212255 3.365957 3.508623 3.720536 3.201421 3.163231 3.152813 3.338391 3.233774 3.228406 3.242051 3.159999 3.137881 3.125821 3.215437 2.140862 3.161273 3.168945 3.078383 3.025314 3.291866 3.156463 3.084472 3.090987 3.044384 3.069951 3.085902 3.086925 3.162383 3.680255 3.173903 3.109111 3.176325
3.096081 2.971217 2.981111 3.098848 3.144345 2.932809 2.966418 2.933255 2.926122 3.064520 2.209351 2.133719 3.004917 2.927032 2.913286 1.992480 2.982202 3.161273 1.800577 2.923978 2.386811 1.997291 3.041791 2.827446 2.431876 2.295188 2.085768 2.056451 2.242009 2.134751 2.178594 3.324033 2.363380 2.193069 2.223722
2.421946 2.347382 2.423743 2.759094 3.033054 3.432228 2.279346 2.329556 2.404237 2.845068 2.991741 2.988781 2.274888 2.267255 2.327926 2.887779 2.338675 3.168945 2.923978 2.005145 2.883515 2.788781 2.218305 2.652633 2.848808 2.857463 2.806945 2.831990 2.841772 2.847436 2.923228 3.011026 2.919863 2.867747 2.936473
3.058740 2.935211 2.947763 3.080980 3.152635 3.091589 2.928783 2.897402 2.893287 3.051624 2.483423 2.466513 2.966513 2.888925 2.875584 2.358210 2.942100 3.078383 2.386811 2.883515 1.984239 2.242351 3.000794 2.769884 2.334620 2.265930 2.255083 2.285329 2.298216 2.299753 2.376895 3.278293 2.405356 2.322538 2.389870
2.961855 2.837362 2.847917 2.969268 3.020193 2.837940 2.832107 2.799466 2.793128 2.936366 2.144710 2.105202 2.870379 2.792657 2.779165 1.986447 2.847355 3.025314 1.997291 2.788781 2.242351 1.770717 2.906345 2.687225 2.284519 2.144736 1.918989 1.907215 2.088477 1.980498 2.033533 3.184314 2.211002 2.039118 2.073070
2.567703 2.491146 2.565030 2.894691 3.164067 3.554555 2.425600 2.472280 2.543934 2.977697 3.110264 3.106974 2.422384 2.412457 2.468349 3.005811 2.479166 3.291866 3.041791 2.218305 3.000794 2.906345 2.093511 2.763155 2.964472 2.974048 2.924174 2.949349 2.958189 2.964522 3.040430 3.099656 3.035699 2.984615 3.053538
2.861328 2.751490 2.786543 3.020470 3.210623 3.425329 2.728233 2.716715 2.740181 3.052889 2.910050 2.900239 2.757465 2.686070 2.684409 2.795691 2.722025 3.156463 2.827446 2.652633 2.769884 2.687225 2.763155 1.968027 2.701369 2.735096 2.699245 2.726858 2.719488 2.737086 2.815009 3.005474 2.790194 2.753336 2.825642
3.029613 2.908120 2.924014 3.072750 3.162744 3.138862 2.899164 2.870690 2.870828 3.053350 2.534880 2.515505 2.935500 2.859054 2.847548 2.406217 2.909864 3.084472 2.431876 2.848808 2.334620 2.284519 2.964472 2.701369 2.009722 2.278361 2.288488 2.320303 2.294567 2.325184 2.405813 3.216894 2.378038 2.338598 2.413712
3.034480 2.911474 2.924653 3.058977 3.129351 3.039301 2.904383 2.873846 2.870644 3.032243 2.406314 2.382994 2.941694 2.864592 2.852063 2.271875 2.917339 3.090987 2.295188 2.857463 2.265930 2.144736 2.974048 2.735096 2.278361 2.015786 2.145046 2.180018 2.154806 2.184714 2.265873 3.236817 2.274336 2.200726 2.274242
2.981265 2.857225 2.868564 2.993906 3.050663 2.895169 2.851410 2.819419 2.814022 2.962889 2.221781 2.188516 2.889392 2.811889 2.798740 2.072626 2.866013 3.044384 2.085768 2.806945 2.255083 1.918989 2.924174 2.699245 2.288488 2.145046 1.839026 1.943575 2.077187 1.966770 2.046587 3.196649 2.201724 2.025098 2.069450
3.005810 2.881581 2.892587 3.016209 3.070346 2.901069 2.875998 2.843739 2.837947 2.984487 2.215613 2.175704 2.914097 2.836503 2.823221 2.056342 2.890868 3.069951 2.056451 2.831990 2.285329 1.907215 2.949349 2.726858 2.320303 2.180018 1.943575 1.793479 2.112045 1.961511 1.991834 3.223905 2.233907 2.036893 2.050723
3.019030 2.896062 2.909237 3.043120 3.112453 3.007351 2.888922 2.858475 2.855300 3.016824 2.363090 2.336111 2.926199 2.849192 2.836857 2.223186 2.901983 3.085902 2.242009 2.841772 2.298216 2.088477 2.958189 2.719488 2.294567 2.154806 2.077187 2.112045 1.964245 2.100166 2.187260 3.216625 2.160193 2.099980 2.186883
3.022271 2.898413 2.910051 3.036838 3.095789 2.947821 2.892373 2.860643 2.855619 3.006724 2.276663 2.242254 2.930234 2.852822 2.839827 2.125670 2.906719 3.086925 2.134751 2.847436 2.299753 1.980498 2.964522 2.737086 2.325184 2.184714 1.966770 1.961511 2.100166 1.840414 1.999835 3.234004 2.220207 1.984151 2.001565
3.097632 2.973614 2.984978 3.110364 3.167237 3.009749 2.967771 2.935815 2.930459 3.079578 2.331620 2.294003 3.005732 2.928240 2.915128 2.175742 2.982343 3.162383 2.178594 2.923228 2.376895 2.033533 3.040430 2.815009 2.405813 2.265873 2.046587 1.991834 2.187260 1.999835 1.805478 3.311887 2.306889 2.074443 2.014705
3.253348 3.151967 3.197647 3.455609 3.662683 3.906350 3.118042 3.121000 3.158065 3.501072 3.404553 3.395890 3.139856 3.081320 3.095561 3.291874 3.120640 3.680255 3.324033 3.011026 3.278293 3.184314 3.099656 3.005474 3.216894 3.236817 3.196649 3.223905 3.216625 3.234004 3.311887 2.039033 3.283902 3.249976 3.322413
3.098970 2.976645 2.990880 3.129403 3.204779 3.118671 2.968712 2.939227 2.937322 3.105831 2.482658 2.456570 3.005554 2.928898 2.917180 2.344060 2.980985 3.173903 2.363380 2.919863 2.405356 2.211002 3.035699 2.790194 2.378038 2.274336 2.201724 2.233907 2.160193 2.220207 2.306889 3.283902 2.038786 2.210814 2.303816
3.043360 2.919798 2.931937 3.061125 3.123636 2.990066 2.913391 2.882083 2.877667 3.032336 2.328008 2.296093 2.951062 2.873798 2.861033 2.180708 2.927336 3.109111 2.193069 2.867747 2.322538 2.039118 2.984615 2.753336 2.338598 2.200726 2.025098 2.036893 2.099980 1.984151 2.074443 3.249976 2.210814 1.840446 2.030683
3.111383 2.987557 2.999250 3.126315 3.185612 3.038803 2.981478 2.949792 2.944838 3.096352 2.367677 2.332819 3.019318 2.941920 2.928945 2.215984 2.995782 3.176325 2.223722 2.936473 2.389870 2.073070 3.053538 2.825642 2.413712 2.274242 2.069450 2.050723 2.186883 2.001565 2.014705 3.322413 2.303816 2.030683 1.817147
