 1.56748  1.56609  1.83911   2.6103  2.29148  2.58487  1.37013  1.88247  1.82699  2.26239  2.65627  2.20213  1.60659  2.02631  1.74872  2.48222  1.67222  2.02192  2.50366  1.87699  2.47786  2.56204  1.74756  1.88142    2.062  2.10788  2.62406  2.80504   2.2406  2.32163  2.62438  3.08061  2.44684  2.51813  1.98159
 1.56609  1.56584   1.6408  2.17497   2.0511  2.14866  1.64007  1.75506  1.84865  2.39546  2.20535  1.91727  1.69646  1.73144  1.69212  2.27542  1.68909  1.81596  2.29675  1.61212  2.18582  2.35189  1.80314  1.62754  1.56352  1.62646  2.32249  2.55701  2.07128  1.98613  2.27335  2.53872  2.20264  2.21058  1.86083
 1.83911   1.6408  1.76722  2.10604  1.68551  2.15107  1.68264  1.67003  1.47127   2.3084  2.23424  2.08013  1.90248  1.79422  1.90361  2.18355  1.94247    1.998  2.57357  1.45689  2.31824  2.36271  2.03573  1.67606  1.78553  2.03672  2.40051   2.4194  2.17226  2.24021  2.32302  2.41868   2.1829  2.11919   1.7521
  2.6103  2.17497  2.10604  3.19428  2.57009  3.05032  3.02359  2.62588  1.82277  3.11447  2.42408  2.25692  2.57131  2.56607  2.26562  2.67459   2.3952  2.76513  2.78103 0.956765  2.57198  2.56486  2.90477  2.82462  2.12783  2.36248  2.45226  2.98833  1.97714  2.23949  2.35878  2.30297  2.19062  2.09865  1.98481
 2.29148   2.0511  1.68551  2.57009      nan  2.61936  2.97523  2.07117  1.52058  2.34275  2.39368  2.37201  1.72648  2.10475  2.21753  2.34528  2.30647   1.9129  3.66396  1.62223   2.6134  2.85247  2.40903  2.75251  1.74237  2.26184  2.90726  2.03542  3.25652  3.06395  3.00376  2.87816  2.44109  2.43633   2.5438
 2.58487  2.14866  2.15107  3.05032  2.61936      nan  2.16393  2.30503    2.592  3.95196  2.60748  2.24254  2.24894  1.79502  2.09911  2.82796  2.45036  2.04326   2.4089  2.08998  2.06194  1.76502  3.01284  2.13902  1.73011  2.13075  2.47969  1.88415   2.2659  2.07926  2.52613  3.97834  2.45487   2.3735  2.16978
 1.37013  1.64007  1.68264  3.02359  2.97523  2.16393 0.860359  1.48925  2.16644  1.80439  1.98758  2.01716  1.49467  2.09812   1.6627  2.16138   1.4361  1.81297  2.35178  2.14121  2.09382  1.87092  1.50564  1.20203  2.11958  1.57168  2.14138  2.18679  1.76262  2.08134  2.18275  2.61753  2.31111  2.26695  1.36744
 1.88247  1.75506  1.67003  2.62588  2.07117  2.30503  1.48925    1.538  1.74049   2.2424  2.59471  2.23136  1.91628  1.89266  1.65686  2.35221  1.89064  1.82148  2.71355  1.85265  2.20721  2.21463  1.92002  1.64614  1.61437  1.84353  2.39538   2.2821  2.20428   2.3239  2.31104  2.16659  2.19285  2.16577   1.6982
 1.82699  1.84865  1.47127  1.82277  1.52058    2.592  2.16644  1.74049 0.883051  2.22409  2.41739  1.81593  1.95105  1.59904   1.7017  2.06804  1.94231  1.82507  2.69072 0.716581  1.78031  2.13268  1.81169  2.36719  1.19115  2.57537  1.94885  1.82457  1.89216   1.9952  1.94948  2.51737   1.5088  1.58612   1.3879
 2.26239  2.39546   2.3084  3.11447  2.34275  3.95196  1.80439   2.2424  2.22409      nan  2.66904  2.71711  2.20419  2.82387  1.99138  2.70825  2.48821  2.48804  4.14181  2.60758  2.55478  2.87872  2.18938  2.52048  1.60423  2.53585  2.97502  2.68754  2.70851  3.10763  3.19265  2.75953   2.1166  2.50522  1.97139
 2.65627  2.20535  2.23424  2.42408  2.39368  2.60748  1.98758  2.59471  2.41739  2.66904      nan  1.11797  2.33445   2.7512  2.43399  1.40275  2.28676  2.56057  2.95773  1.69199   1.8722  1.92443  2.48885  1.67975  2.16966  1.09567  1.67816  1.39214  1.68295  2.00672  2.22299  1.94905  2.14012  1.97086  1.75933
 2.20213  1.91727  2.08013  2.25692  2.37201  2.24254  2.01716  2.23136  1.81593  2.71711  1.11797 0.973037  2.10586  2.29843  1.88664  1.40393  1.81265  2.05665  2.14844  1.23505  1.26318  1.45224  1.99979  1.91508  1.58402   1.4809  1.43258  0.94908  1.62378  1.62424  1.59992  1.90582  1.73969  1.64223  1.63559
 1.60659  1.69646  1.90248  2.57131  1.72648  2.24894  1.49467  1.91628  1.95105  2.20419  2.33445  2.10586  1.41573  2.14177  1.77431  2.39591  1.39175  1.96266  2.67252  1.85282   2.2105  2.20546  1.61088  2.13065  1.64856  1.93731  2.43778   2.3823  2.24793  2.28801  2.53207  2.98404  2.36561  2.39983  1.90786
 2.02631  1.73144  1.79422  2.56607  2.10475  1.79502  2.09812  1.89266  1.59904  2.82387   2.7512  2.29843  2.14177  2.32664  1.92798  2.48541  1.97002  1.94098  2.48954  1.65506  2.08192  2.18033  2.11189  1.77893  1.68496  2.40101   2.4007  2.26948  2.08325  2.04534  2.40287   2.9228  2.06726  2.14832  2.02956
 1.74872  1.69212  1.90361  2.26562  2.21753  2.09911   1.6627  1.65686   1.7017  1.99138  2.43399  1.88664  1.77431  1.92798  1.38687  2.58161  1.80631  1.76171  2.39256   1.5225  2.06381  2.06616  1.85885  2.28765  1.33323  1.86844  2.22135  2.00736  2.04449  2.30517  2.41646  2.20928  1.80453  1.96438  1.67816
 2.48222  2.27542  2.18355  2.67459  2.34528  2.82796  2.16138  2.35221  2.06804  2.70825  1.40275  1.40393  2.39591  2.48541  2.58161  1.73409  2.04225  2.37387  2.81408  1.81915  1.52124  1.65475  2.27859  1.71359  1.98047  1.63951  1.71326  1.23325  1.61669  1.75293  1.82601  2.24138  2.00985  1.74116  1.72711
 1.67222  1.68909  1.94247   2.3952  2.30647  2.45036   1.4361  1.89064  1.94231  2.48821  2.28676  1.81265  1.39175  1.97002  1.80631  2.04225  1.36743  1.95421  2.14091  1.56204  1.84061  1.80309   1.6156  1.50951   1.6364  1.88056  2.05825  2.21786  1.77545  1.83226  2.23243   2.2851  2.15519  2.08275  1.78002
 2.02192  1.81596    1.998  2.76513   1.9129  2.04326  1.81297  1.82148  1.82507  2.48804  2.56057  2.05665  1.96266  1.94098  1.76171  2.37387  1.95421  2.10161  2.97102  1.93696  2.01249  2.16178  2.01343  2.07787  1.69168    2.059  2.25115  1.90536  2.29351  2.23319  2.26675  2.82263  2.11934  2.14094  1.96382
 2.50366  2.29675  2.57357  2.78103  3.66396   2.4089  2.35178  2.71355  2.69072  4.14181  2.95773  2.14844  2.67252  2.48954  2.39256  2.81408  2.14091  2.97102  1.61114  1.84466  2.39924  2.29274  2.70001  2.17058      2.1  2.61951  2.64715  2.58459  2.23914  2.36912  2.79529  2.37035  2.73589  2.58255  2.40229
 1.87699  1.61212  1.45689 0.956765  1.62223  2.08998  2.14121  1.85265 0.716581  2.60758  1.69199  1.23505  1.85282  1.65506   1.5225  1.81915  1.56204  1.93696  1.84466      nan  1.48628  1.59631  1.99729   2.3765  1.09082  1.82976  1.61287  1.44122  1.23399  1.49074  1.51455  1.52004    1.235  1.24185  1.20566
 2.47786  2.18582  2.31824  2.57198   2.6134  2.06194  2.09382  2.20721  1.78031  2.55478   1.8722  1.26318   2.2105  2.08192  2.06381  1.52124  1.84061  2.01249  2.39924  1.48628  1.18436  1.17824   2.1127  2.03353  1.02767  1.82775  1.37721 0.954115  1.38297   1.3289  1.47653  2.47526  1.69499  1.47791  1.49569
 2.56204  2.35189  2.36271  2.56486  2.85247  1.76502  1.87092  2.21463  2.13268  2.87872  1.92443  1.45224  2.20546  2.18033  2.06616  1.65475  1.80309  2.16178  2.29274  1.59631  1.17824  1.25403  2.42206  1.67786  1.28116  1.89722  1.55292   1.2756  1.43528  1.39794  1.61472  2.38342  1.93966  1.59592  1.46337
 1.74756  1.80314  2.03573  2.90477  2.40903  3.01284  1.50564  1.92002  1.81169  2.18938  2.48885  1.99979  1.61088  2.11189  1.85885  2.27859   1.6156  2.01343  2.70001  1.99729   2.1127  2.42206  1.68302  1.98201  1.87892  2.31276   2.2639  2.35084  2.24608  2.34935  2.49889  2.85822  2.24293  2.37213  1.96287
 1.88142  1.62754  1.67606  2.82462  2.75251  2.13902  1.20203  1.64614  2.36719  2.52048  1.67975  1.91508  2.13065  1.77893  2.28765  1.71359  1.50951  2.07787  2.17058   2.3765  2.03353  1.67786  1.98201      nan   1.8757  1.70005  2.15335  2.49903  1.78394    1.926  2.60568  1.93325  2.50688  2.22827  1.75621
   2.062  1.56352  1.78553  2.12783  1.74237  1.73011  2.11958  1.61437  1.19115  1.60423  2.16966  1.58402  1.64856  1.68496  1.33323  1.98047   1.6364  1.69168      2.1  1.09082  1.02767  1.28116  1.87892   1.8757      nan  1.46604  1.36478  1.58896  1.39785  1.25551  1.74928  2.24551  1.49777  1.38801  1.29435
 2.10788  1.62646  2.03672  2.36248  2.26184  2.13075  1.57168  1.84353  2.57537  2.53585  1.09567   1.4809  1.93731  2.40101  1.86844  1.63951  1.88056    2.059  2.61951  1.82976  1.82775  1.89722  2.31276  1.70005  1.46604      nan  1.90228  1.66152  1.50686  1.66955  1.93233  1.49335  2.17518  1.90696  1.58921
 2.62406  2.32249  2.40051  2.45226  2.90726  2.47969  2.14138  2.39538  1.94885  2.97502  1.67816  1.43258  2.43778   2.4007  2.22135  1.71326  2.05825  2.25115  2.64715  1.61287  1.37721  1.55292   2.2639  2.15335  1.36478  1.90228  1.74882  1.36093  1.44537  1.48094  1.57425  2.71419  1.86627  1.65047  1.53596
 2.80504  2.55701   2.4194  2.98833  2.03542  1.88415  2.18679   2.2821  1.82457  2.68754  1.39214  0.94908   2.3823  2.26948  2.00736  1.23325  2.21786  1.90536  2.58459  1.44122 0.954115   1.2756  2.35084  2.49903  1.58896  1.66152  1.36093      nan  1.61817  1.71806  1.43479   2.5029   1.5044  1.25735    1.488
  2.2406  2.07128  2.17226  1.97714  3.25652   2.2659  1.76262  2.20428  1.89216  2.70851  1.68295  1.62378  2.24793  2.08325  2.04449  1.61669  1.77545  2.29351  2.23914  1.23399  1.38297  1.43528  2.24608  1.78394  1.39785  1.50686  1.44537  1.61817  1.57232  1.17309  1.49433  2.33606  1.49751  1.27677  1.17166
 2.32163  1.98613  2.24021  2.23949  3.06395  2.07926  2.08134   2.3239   1.9952  3.10763  2.00672  1.62424  2.28801  2.04534  2.30517  1.75293  1.83226  2.23319  2.36912  1.49074   1.3289  1.39794  2.34935    1.926  1.25551  1.66955  1.48094  1.71806  1.17309  1.41898  1.38358  2.60905  1.82297  1.63714  1.51445
 2.62438  2.27335  2.32302  2.35878  3.00376  2.52613  2.18275  2.31104  1.94948  3.19265  2.22299  1.59992  2.53207  2.40287  2.41646  1.82601  2.23243  2.26675  2.79529  1.51455  1.47653  1.61472  2.49889  2.60568  1.74928  1.93233  1.57425  1.43479  1.49433  1.38358  1.32774  2.80211  1.99369  1.69166  1.49196
 3.08061  2.53872  2.41868  2.30297  2.87816  3.97834  2.61753  2.16659  2.51737  2.75953  1.94905  1.90582  2.98404   2.9228  2.20928  2.24138   2.2851  2.82263  2.37035  1.52004  2.47526  2.38342  2.85822  1.93325  2.24551  1.49335  2.71419   2.5029  2.33606  2.60905  2.80211      nan  2.60719  2.37797  2.21433
 2.44684  2.20264   2.1829  2.19062  2.44109  2.45487  2.31111  2.19285   1.5088   2.1166  2.14012  1.73969  2.36561  2.06726  1.80453  2.00985  2.15519  2.11934  2.73589    1.235  1.69499  1.93966  2.24293  2.50688  1.49777  2.17518  1.86627   1.5044  1.49751  1.82297  1.99369  2.60719  1.74511  1.48015  1.50605
 2.51813  2.21058  2.11919  2.09865  2.43633   2.3735  2.26695  2.16577  1.58612  2.50522  1.97086  1.64223  2.39983  2.14832  1.96438  1.74116  2.08275  2.14094  2.58255  1.24185  1.47791  1.59592  2.37213  2.22827  1.38801  1.90696  1.65047  1.25735  1.27677  1.63714  1.69166  2.37797  1.48015  1.40599  1.34771
 1.98159  1.86083   1.7521  1.98481   2.5438  2.16978  1.36744   1.6982   1.3879  1.97139  1.75933  1.63559  1.90786  2.02956  1.67816  1.72711  1.78002  1.96382  2.40229  1.20566  1.49569  1.46337  1.96287  1.75621  1.29435  1.58921  1.53596    1.488  1.17166  1.51445  1.49196  2.21433  1.50605  1.34771   1.2902
