2.04448 2.32888 2.52325 2.78094 3.17423 3.57586 2.28333 2.40941  2.5176 2.95783 3.14314 3.11721  2.3692 2.43654 2.48029 3.05606  2.4118 2.59761 3.36673 3.08526  2.9539 3.07273 2.59065 2.99768 3.04593 3.03174 3.00086 3.00648 2.99399  3.0009 3.08923 3.29631 3.08616 3.02699 3.07862
2.32888 2.08749 2.37763 2.64996 3.05091 3.45885 2.23493  2.2887 2.39139 2.83451 3.03053 3.00487 2.30807 2.33767 2.36414 2.94387 2.32808 2.49874 3.25519 2.97331 2.84205 2.96086 2.50531 2.89186 2.93602 2.92066 2.88943  2.8949 2.88302 2.88958 2.97776  3.1988 2.97566 2.91598 2.96735
2.52325 2.37763 2.19075 2.60267 3.03634 3.46693 2.38542 2.36667  2.3855   2.825 3.05536 3.03062 2.43618 2.43247 2.40107 2.97012 2.42875 2.57495 3.28633 3.00051  2.8695 2.98821   2.602 2.94106 2.96984 2.95059 2.91823  2.9232 2.91328  2.9187 3.00642 3.26999 3.00742 2.94612 2.99668
2.78094 2.64996 2.60267 2.26348 2.96203 3.48003 2.63304  2.6105  2.5256 2.81905 3.12172  3.0996 2.67127 2.66131 2.58326 3.04059 2.64674 2.77589 3.38532 3.07626 2.94366 3.06207 2.81457 3.07719 3.06353 3.03193 2.99632  2.9999 2.99557 2.99768 3.08412 3.44446  3.0937 3.02795 3.07629
3.17423 3.05091 3.03634 2.96203 2.15608 3.34577 3.02091 3.00629 2.92418   3.017 3.18703 3.17289 3.05078 3.04328 2.95902 3.11884 3.01348 3.13452 3.57928 3.18197 3.03336 3.15065 3.17401 3.31974 3.20953  3.1443 3.09798  3.0968 3.10883 3.10157 3.18391 3.74558 3.21649  3.1394 3.18147
3.57586 3.45885 3.46693 3.48003 3.34577 2.04649 3.41788 3.41234 3.35383 3.47221 3.08333 3.09073 3.43948 3.43676 3.36014  3.0517 3.38976 3.50613 3.78151 3.21669 2.99814  3.1105  3.5415 3.54169 3.28778 3.16164 3.08971 3.07636 3.12425   3.097 3.16996 4.03637 3.24827 3.15005 3.17913
2.28333 2.23493 2.38542 2.63304 3.02091 3.41788 2.01418 2.25758 2.36656  2.8043 2.98143 2.95531 2.16861 2.26457 2.32182 2.89403 2.22754 2.42497 3.20417 2.92311 2.79164 2.91048 2.40784 2.83059 2.88217  2.8689 2.83828 2.84402 2.83105 2.83824 2.92669 3.12313 2.92283 2.86407 2.91589
2.40941  2.2887 2.36667  2.6105 3.00629 3.41234 2.25758 2.10602  2.3385 2.78784   2.983 2.95732  2.3044 2.27278 2.29948  2.8963 2.29503 2.44675 3.20576 2.92546 2.79445 2.91326 2.47124 2.84318 2.88801 2.87293 2.84177 2.84726  2.8353 2.84191 2.93011  3.1556 2.92794 2.86827 2.91966
 2.5176 2.39139  2.3855  2.5256 2.92418 3.35383 2.36656  2.3385 2.05627 2.69083 2.94585 2.92133 2.40211 2.38614 2.26703  2.8609 2.37482 2.49837 3.17106 2.89031 2.76054 2.87927 2.54415 2.84106 2.86277 2.84223 2.80965 2.81452 2.80529 2.81029 2.89787 3.19009 2.90019 2.83813 2.88836
2.95783 2.83451   2.825 2.81905   3.017 3.47221  2.8043 2.78784 2.69083 2.18231 3.12308 3.10239 2.83441 2.82476 2.72933 3.04417 2.79784 2.91642 3.39097 3.07565 2.94908 3.06753 2.96017 3.14191 3.08287  3.0422 3.00454 3.00724 3.00728 3.00678 3.09223 3.55081 3.10898 3.03956 3.08611
3.14314 3.03053 3.05536 3.12172 3.18703 3.08333 2.98143   2.983 2.94585 3.12308 1.88452 2.14288 2.99656 2.99769 2.92976 2.12426  2.9373 3.05065  3.2174 2.51248 2.14224 2.24027 3.08177 2.96021 2.58223 2.39239 2.28036 2.24333 2.34685 2.28989  2.3468  3.5072 2.48664 2.36319 2.37322
3.11721 3.00487 3.03062  3.0996 3.17289 3.09073 2.95531 2.95732 2.92133 3.10239 2.14288 1.77675  2.9701 2.97148 2.90405 1.98388 2.91031 3.02351 3.18625 2.47796 2.07798 2.15038 3.05435 2.92563 2.54056 2.34505 2.22544 2.17777 2.29658 2.23339 2.28423 3.47531 2.43741 2.31005 2.31571
 2.3692 2.30807 2.43618 2.67127 3.05078 3.43948 2.16861  2.3044 2.40211 2.83441 2.99656  2.9701 2.02234 2.28737 2.34782 2.90864 2.19502  2.4242 3.21857 2.93756  2.8058 2.92469 2.37689 2.83644 2.89383 2.88208 2.85192 2.85785 2.84403 2.85174 2.94037 3.11503 2.93511 2.87707 2.92925
2.43654 2.33767 2.43247 2.66131 3.04328 3.43676 2.26457 2.27278 2.38614 2.82476 2.99769 2.97148 2.28737 2.11054 2.32346 2.91015 2.26142 2.42328 3.21764 2.93884 2.80759 2.92646 2.44208 2.84324 2.89722 2.88453 2.85407 2.85986 2.84665   2.854 2.94249 3.14213  2.9383 2.87969 2.93159
2.48029 2.36414 2.40107 2.58326 2.95902 3.36014 2.32182 2.29948 2.26703 2.72933 2.92976 2.90405 2.34782 2.32346 2.02018 2.84298 2.30842 2.41474 3.14196 2.87075 2.74106 2.85993 2.47739 2.79142 2.83426 2.81947 2.78841  2.7939 2.78208  2.7886 2.87677 3.12903 2.87507 2.81511  2.8664
3.05606 2.94387 2.97012 3.04059 3.11884  3.0517 2.89403  2.8963  2.8609 3.04417 2.12426 1.98388 2.90864 2.91015 2.84298   1.826 2.84854 2.96165 3.12197 2.41067 1.99719 2.06568 2.99236  2.8599 2.47068 2.27249 2.14963 2.09856 2.22291 2.15726 2.20612 3.41085 2.36436 2.23534 2.23938
 2.4118 2.32808 2.42875 2.64674 3.01348 3.38976 2.22754 2.29503 2.37482 2.79784  2.9373 2.91031 2.19502 2.26142 2.30842 2.84854 1.98307 2.34054 3.15833 2.87717 2.74501 2.86393    2.25  2.7616 2.82891 2.81966 2.79024 2.79648 2.78123  2.7898 2.87875 3.01605 2.87118 2.81432 2.86709
2.59761 2.49874 2.57495 2.77589 3.13452 3.50613 2.42497 2.44675 2.49837 2.91642 3.05065 3.02351  2.4242 2.42328 2.41474 2.96165 2.34054 2.24901 3.26366 2.98934  2.8579 2.97685 2.50281 2.86626 2.94007 2.93211  2.9029 2.90922 2.89374 2.90247 2.99146 3.16506 2.98371  2.9269 2.97973
3.36673 3.25519 3.28633 3.38532 3.57928 3.78151 3.20417 3.20576 3.17106 3.39097  3.2174 3.18625 3.21857 3.21764 3.14196 3.12197 3.15833 3.26366 2.10051 3.08265 3.01238 3.13278 3.30537 3.19315 3.05702 3.07491 3.05418 3.06286 3.04521 3.05505 3.14483 3.77469 3.14438 3.08162 3.13374
3.08526 2.97331 3.00051 3.07626 3.18197 3.21669 2.92311 2.92546 2.89031 3.07565 2.51248 2.47796 2.93756 2.93884 2.87075 2.41067 2.87717 2.98934 3.08265 1.95069  2.2951  2.4189 3.02114 2.88139 2.47994 2.36001 2.34095 2.35129 2.34896 2.34841 2.43641 3.44297  2.4762 2.38835 2.43144
 2.9539 2.84205  2.8695 2.94366 3.03336 2.99814 2.79164 2.79445 2.76054 2.94908 2.14224 2.07798  2.8058 2.80759 2.74106 1.99719 2.74501  2.8579 3.01238  2.2951 1.76909 1.98962 2.88827 2.74657 2.34703 2.14142 2.00743 1.96279 2.08887 2.01815  2.0708 3.30097 2.23244 2.09992 2.10268
3.07273 2.96086 2.98821 3.06207 3.15065  3.1105 2.91048 2.91326 2.87927 3.06753 2.24027 2.15038 2.92469 2.92646 2.85993 2.06568 2.86393 2.97685 3.13278  2.4189 1.98962 1.79271 3.00721 2.86624 2.46789 2.26395 2.12977 2.04497  2.2083 2.13019 2.15916 3.42022  2.3504 2.21407 2.20755
2.59065 2.50531   2.602 2.81457 3.17401  3.5415 2.40784 2.47124 2.54415 2.96017 3.08177 3.05435 2.37689 2.44208 2.47739 2.99236    2.25 2.50281 3.30537 3.02114 2.88827 3.00721 2.11479 2.89635 2.96913 2.96155 2.93272 2.93922 2.92277 2.93206 3.02127 3.10657 3.01167 2.95591 3.00919
2.99768 2.89186 2.94106 3.07719 3.31974 3.54169 2.83059 2.84318 2.84106 3.14191 2.96021 2.92563 2.83644 2.84324 2.79142  2.8599  2.7616 2.86626 3.19315 2.88139 2.74657 2.86624 2.89635  2.0138  2.7551 2.79928 2.78044 2.79086 2.75855 2.77725 2.86997 3.27118 2.83684  2.7935 2.85327
3.04593 2.93602 2.96984 3.06353 3.20953 3.28778 2.88217 2.88801 2.86277 3.08287 2.58223 2.54056 2.89383 2.89722 2.83426 2.47068 2.82891 2.94007 3.05702 2.47994 2.34703 2.46789 2.96913  2.7551 1.93037 2.36727 2.37005 2.38548 2.33802 2.36661 2.46266 3.35792 2.42778 2.38005 2.44282
3.03174 2.92066 2.95059 3.03193  3.1443 3.16164  2.8689 2.87293 2.84223  3.0422 2.39239 2.34505 2.88208 2.88453 2.81947 2.27249 2.81966 2.93211 3.07491 2.36001 2.14142 2.26395 2.96155 2.79928 2.36727 1.98729 2.15299 2.17775 2.11763 2.15672  2.2558 3.36227 2.27361 2.18429  2.2391
3.00086 2.88943 2.91823 2.99632 3.09798 3.08971 2.83828 2.84177 2.80965 3.00454 2.28036 2.22544 2.85192 2.85407 2.78841 2.14963 2.79024  2.9029 3.05418 2.34095 2.00743 2.12977 2.93272 2.78044 2.37005 2.15299 1.91615 2.03367 2.08822 2.01218  2.1188 3.33832  2.2382 2.10197 2.11987
3.00648  2.8949  2.9232  2.9999  3.0968 3.07636 2.84402 2.84726 2.81452 3.00724 2.24333 2.17777 2.85785 2.85986  2.7939 2.09856 2.79648 2.90922 3.06286 2.35129 1.96279 2.04497 2.93922 2.79086 2.38548 2.17775 2.03367  1.7982 2.11258 2.01255 1.99339 3.34722 2.25343  2.1049 2.07606
2.99399 2.88302 2.91328 2.99557 3.10883 3.12425 2.83105  2.8353 2.80529 3.00728 2.34685 2.29658 2.84403 2.84665 2.78208 2.22291 2.78123 2.89374 3.04521 2.34896 2.08887  2.2083 2.92277 2.75855 2.33802 2.11763 2.08822 2.11258 1.94428 2.07811 2.18417 3.32008 2.18472  2.0866 2.15472
 3.0009 2.88958  2.9187 2.99768 3.10157   3.097 2.83824 2.84191 2.81029 3.00678 2.28989 2.23339 2.85174   2.854  2.7886 2.15726  2.7898 2.90247 3.05505 2.34841 2.01815 2.13019 2.93206 2.77725 2.36661 2.15672 2.01218 2.01255 2.07811  1.8704 2.07859  3.3356 2.21862  2.0613 2.06292
3.08923 2.97776 3.00642 3.08412 3.18391 3.16996 2.92669 2.93011 2.89787 3.09223  2.3468 2.28423 2.94037 2.94249 2.87677 2.20612 2.87875 2.99146 3.14483 2.43641  2.0708 2.15916 3.02127 2.86997 2.46266  2.2558  2.1188 1.99339 2.18417 2.07859 1.80772 3.42714 2.32144 2.16161  2.0879
3.29631  3.1988 3.26999 3.44446 3.74558 4.03637 3.12313  3.1556 3.19009 3.55081  3.5072 3.47531 3.11503 3.14213 3.12903 3.41085 3.01605 3.16506 3.77469 3.44297 3.30097 3.42022 3.10657 3.27118 3.35792 3.36227 3.33832 3.34722 3.32008  3.3356 3.42714 2.06645 3.39778 3.35344  3.4117
3.08616 2.97566 3.00742  3.0937 3.21649 3.24827 2.92283 2.92794 2.90019 3.10898 2.48664 2.43741 2.93511  2.9383 2.87507 2.36436 2.87118 2.98371 3.14438  2.4762 2.23244  2.3504 3.01167 2.83684 2.42778 2.27361  2.2382 2.25343 2.18472 2.21862 2.32144 3.39778 2.04556 2.18658 2.28267
3.02699 2.91598 2.94612 3.02795  3.1394 3.15005 2.86407 2.86827 2.83813 3.03956 2.36319 2.31005 2.87707 2.87969 2.81511 2.23534 2.81432  2.9269 3.08162 2.38835 2.09992 2.21407 2.95591  2.7935 2.38005 2.18429 2.10197  2.1049  2.0866  2.0613 2.16161 3.35344 2.18658 1.90308 2.09678
3.07862 2.96735 2.99668 3.07629 3.18147 3.17913 2.91589 2.91966 2.88836 3.08611 2.37322 2.31571 2.92925 2.93159  2.8664 2.23938 2.86709 2.97973 3.13374 2.43144 2.10268 2.20755 3.00919 2.85327 2.44282  2.2391 2.11987 2.07606 2.15472 2.06292  2.0879  3.4117 2.28267 2.09678 1.82326
