2.00487 2.23477 2.44593 2.73611 3.12391 3.40721 2.23924 2.34486 2.47726 2.87441 3.04458 3.01395 2.33792 2.39612 2.43657 2.96363 2.37405 2.52987 3.30597    3.06 2.88411 3.00059 2.55041 2.93949 2.97569 2.96836 2.91612 2.94586 2.89309 2.89611 3.01614 3.24525 2.99271 2.91006 2.98936
2.23477 2.02315 2.31168 2.61299 3.00701 3.29497 2.18682 2.23022 2.35797 2.75748 2.93611  2.9057 2.27414 2.30025 2.32613  2.8555 2.28941  2.4323 3.19856 2.95205 2.77631 2.89279 2.46456 2.83667 2.86974  2.8613 2.80874 2.83833 2.78611 2.78882 2.90872 3.14867 2.88617 2.80305 2.88213
2.44593 2.31168 2.16465 2.58097 3.00629 3.31416 2.35299 2.31167 2.36261  2.7598  2.9698 2.94021  2.4152 2.40135 2.37256 2.89048 2.39952 2.51217 3.23854 2.98812 2.81264 2.92908  2.5706 2.89343 2.91338 2.90055 2.84661 2.87567 2.82565  2.8271 2.94654 3.22396 2.92724 2.84244 2.92066
2.73611 2.61299 2.58097 2.28379  3.0014 3.38708 2.63431 2.58872 2.55836 2.81488 3.08702  3.0603 2.68458 2.66464 2.59927 3.01201 2.65249 2.75024 3.38717 3.11514 2.93798 3.05423 2.81826 3.07548 3.05922 3.03418 2.97639 3.00375 2.95973 2.95786 3.07598 3.43478  3.0652 2.97608 3.05215
3.12391 3.00701 3.00629  3.0014 2.21229 3.25478 3.01605 2.97805  2.9496 2.98477 3.13885 3.12194 3.05571  3.0376 2.96593 3.07862 3.00863 3.09782 3.56639 3.21163 3.01686 3.13221 3.16568 3.30293 3.20227 3.13979 3.06915 3.09087 3.06574 3.05333 3.16718 3.71582 3.18286 3.08022 3.14937
3.40721 3.29497 3.31416 3.38708 3.25478 2.06564 3.29477 3.26429  3.2543 3.32611 2.97709 2.98192  3.3259 3.31117 3.24389 2.95347 3.26626 3.35064 3.68053 3.18988 2.92244 3.03394 3.41464 3.43183 3.21826 3.09931  3.0012 3.01121 3.02126 2.98976  3.0952 3.89622 3.15397 3.03059 3.08823
2.23924 2.18682 2.35299 2.63431 3.01605 3.29477 2.00422 2.23785 2.37203  2.7666 2.92863 2.89778 2.17924 2.26791 2.32283 2.84732 2.23319 2.40265 3.18876 2.94346 2.76746 2.88396 2.41106 2.81747 2.85722 2.85098 2.79908 2.82896 2.77564 2.77897 2.89912 3.11666 2.87487 2.79265 2.87216
2.34486 2.23022 2.31167 2.58872 2.97805 3.26429 2.23785   2.065 2.32122 2.72656 2.90507 2.87462 2.29601 2.25636 2.27885 2.82438 2.27792 2.39603 3.16541 2.92057 2.74513 2.86163 2.45202  2.8044 2.83831 2.83008 2.77752 2.80714 2.75493 2.75761 2.87754 3.12093 2.85504 2.77188 2.85093
2.47726 2.35797 2.36261 2.55836  2.9496  3.2543 2.37203 2.32122 2.09707 2.68517 2.91147 2.88207  2.4194 2.39372 2.29136 2.83242 2.38409   2.476 3.17587 2.92912 2.75482 2.87128 2.55169 2.84142 2.85697 2.84341 2.78919 2.81812 2.76866 2.76979 2.88913 3.18583  2.8708 2.78544 2.86342
2.87441 2.75748  2.7598 2.81488 2.98477 3.32611  2.7666 2.72656 2.68517 2.21148 3.04233 3.01781 2.80695  2.7869  2.7053 2.97045 2.76117 2.84821 3.35443 3.06976 2.89896 3.01524 2.92071 3.09736 3.04115  3.0021 2.94133 2.96727 2.92915  2.9239 3.04089 3.49301 3.04014 2.94543 3.01903
3.04458 2.93611  2.9698 3.08702 3.13885 2.97709 2.92863 2.90507 2.91147 3.04233 1.85744 2.11599 2.95335 2.94139 2.88064 2.10616 2.88336 2.96405 3.19708 2.58052 2.14687  2.2454 3.02452 2.92857 2.60119 2.41631 2.27302 2.25814  2.3267 2.26561 2.35449 3.44155 2.47613 2.32665 2.36725
3.01395  2.9057 2.94021  3.0603 3.12194 2.98192 2.89778 2.87462 2.88207 3.01781 2.11599  1.7785 2.92213 2.91037  2.8501 1.96147 2.85149 2.93203 3.16156 2.54164 2.07612 2.15003 2.99213 2.88888  2.5539 2.36315 2.21162 2.18586 2.27023 2.20296 2.28567 3.40481 2.42093 2.26742 2.30395
2.33792 2.27414  2.4152 2.68458 3.05571  3.3259 2.17924 2.29601  2.4194 2.80695 2.95335 2.92213 2.01123 2.30017 2.35952 2.87145 2.19625 2.41218  3.2123 2.96741 2.79096 2.90748 2.37504 2.83121  2.8775 2.87315 2.82188   2.852 2.79763 2.80158 2.92195 3.11496 2.89609 2.81472 2.89462
2.39612 2.30025 2.40135 2.66464  3.0376 3.31117 2.26791 2.25636 2.39372  2.7869 2.94139 2.91037 2.30017 2.11251 2.32506  2.8598 2.26459 2.39372 3.19844 2.95553 2.77969  2.8962 2.44377 2.82428 2.86781 2.86259 2.81102   2.841 2.78725 2.79085  2.9111  3.1278 2.88624 2.80432 2.88398
2.43657 2.32613 2.37256 2.59927 2.96593 3.24389 2.32283 2.27885 2.29136  2.7053 2.88064  2.8501 2.35952 2.32506 2.04984 2.79976 2.30982 2.37828 3.13138 2.89444 2.72028  2.8368 2.47686 2.77683 2.81211 2.80484 2.75252 2.78219 2.72983 2.73259 2.85258 3.11263 2.82997  2.7468 2.82593
2.96363  2.8555 2.89048 3.01201 3.07862 2.95347 2.84732 2.82438 2.83242 2.97045 2.10616 1.96147 2.87145  2.8598 2.79976 1.80922 2.80046 2.88089 3.10826 2.48601  2.0062 2.07592 2.94081 2.83374 2.49505 2.30128 2.14624 2.11725 2.20704 2.13745 2.21826  3.3511 2.35845 2.20329 2.23836
2.37405 2.28941 2.39952 2.65249 3.00863 3.26626 2.23319 2.27792 2.38409 2.76117 2.88336 2.85149 2.19625 2.26459 2.30982 2.80046 1.96372    2.32 3.14122 2.89628 2.71909 2.83563  2.2353 2.74561 2.80053 2.79921 2.74891 2.77942 2.72345 2.72831   2.849 3.00668 2.82063 2.74062 2.82114
2.52987  2.4323 2.51217 2.75024 3.09782 3.35064 2.40265 2.39603   2.476 2.84821 2.96405 2.93203 2.41218 2.39372 2.37828 2.88089    2.32 2.21493 3.21356 2.97545 2.79923 2.91578 2.48074 2.81802 2.87879 2.87878 2.82883 2.85943 2.80322 2.80823 2.92898 3.12043  2.9005 2.82048 2.90106
3.30597 3.19856 3.23854 3.38717 3.56639 3.68053 3.18876 3.16541 3.17587 3.35443 3.19708 3.16156  3.2123 3.19844 3.13138 3.10826 3.14122 3.21356 2.10185 3.12371 3.01988 3.13795 3.28403 3.18551 3.06575 3.08718 3.04618  3.0791 3.02066 3.02662 3.14869 3.73773 3.12826 3.04105 3.12051
   3.06 2.95205 2.98812 3.11514 3.21163 3.18988 2.94346 2.92057 2.92912 3.06976 2.58052 2.54164 2.96741 2.95553 2.89444 2.48601 2.89628 2.97545 3.12371 1.97685 2.39167 2.51361 3.03685 2.92141 2.57201 2.46158 2.42195 2.45652 2.41377 2.40935 2.53016 3.45043  2.5487  2.4375 2.50874
2.88411 2.77631 2.81264 2.93798 3.01686 2.92244 2.76746 2.74513 2.75482 2.89896 2.14687 2.07612 2.79096 2.77969 2.72028  2.0062 2.71909 2.79923 3.01988 2.39167 1.79465 2.01483 2.85869 2.74009 2.39117 2.18883  2.0217 1.99901 2.09112 2.01598 2.10044 3.26219 2.24498 2.08588 2.11945
3.00059 2.89279 2.92908 3.05423 3.13221 3.03394 2.88396 2.86163 2.87128 3.01524  2.2454 2.15003 2.90748  2.8962  2.8368 2.07592 2.83563 2.91578 3.13795 2.51361 2.01483 1.78557 2.97525 2.85716 2.50932 2.30842 2.14112 2.07374 2.20749 2.12554 2.18354 3.37874  2.3601 2.19735 2.22189
2.55041 2.46456  2.5706 2.81826 3.16568 3.41464 2.41106 2.45202 2.55169 2.92071 3.02452 2.99213 2.37504 2.44377 2.47686 2.94081  2.2353 2.48074 3.28403 3.03685 2.85869 2.97525 2.07977 2.87598 2.93607 2.93707 2.88754 2.91839 2.86102 2.86668 2.98764  3.0941 2.95704 2.87825  2.9593
2.93949 2.83667 2.89343 3.07548 3.30293 3.43183 2.81747  2.8044 2.84142 3.09736 2.92857 2.88888 2.83121 2.82428 2.77683 2.83374 2.74561 2.81802 3.18551 2.92141 2.74009 2.85716 2.87598  2.0258 2.74073   2.793 2.75614 2.79189 2.71614 2.73214 2.85713 3.23878 2.80192  2.7354 2.82276
2.97569 2.86974 2.91338 3.05922 3.20227 3.21826 2.85722 2.83831 2.85697 3.04115 2.60119  2.5539  2.8775 2.86781 2.81211 2.49505 2.80053 2.87879 3.06575 2.57201 2.39117 2.50932 2.93607 2.74073 2.00547 2.40923   2.396 2.43705 2.34495 2.37075  2.4997 3.31169 2.44161 2.37093 2.46113
2.96836  2.8613 2.90055 3.03418 3.13979 3.09931 2.85098 2.83008 2.84341  3.0021 2.41631 2.36315 2.87315 2.86259 2.80484 2.30128 2.79921 2.87878 3.08718 2.46158 2.18883 2.30842 2.93707   2.793 2.40923 1.98464 2.18094 2.23206 2.12362 2.16254 2.29589 3.32668 2.29126 2.17749 2.25985
2.91612 2.80874 2.84661 2.97639 3.06915  3.0012 2.79908 2.77752 2.78919 2.94133 2.27302 2.21162 2.82188 2.81102 2.75252 2.14624 2.74891 2.82883 3.04618 2.42195  2.0217 2.14112 2.88754 2.75614   2.396 2.18094 1.90265 2.05585 2.07074 1.98883 2.13035 3.28303 2.23161 2.06789 2.11425
2.94586 2.83833 2.87567 3.00375 3.09087 3.01121 2.82896 2.80714 2.81812 2.96727 2.25814 2.18586   2.852   2.841 2.78219 2.11725 2.77942 2.85943  3.0791 2.45652 1.99901 2.07374 2.91839 2.79189 2.43705 2.23206 2.05585 1.82901 2.12152 2.01985 2.02744 3.31665 2.27299 2.09894 2.10279
2.89309 2.78611 2.82565 2.95973 3.06574 3.02126 2.77564 2.75493 2.76866 2.92915  2.3267 2.27023 2.79763 2.78725 2.72983 2.20704 2.72345 2.80322 3.02066 2.41377 2.09112 2.20749 2.86102 2.71614 2.34495 2.12362 2.07074 2.12152 1.89437 2.03741 2.17722 3.24723 2.16006 2.03468 2.12789
2.89611 2.78882  2.8271 2.95786 3.05333 2.98976 2.77897 2.75761 2.76979  2.9239 2.26561 2.20296 2.80158 2.79085 2.73259 2.13745 2.72831 2.80823 3.02662 2.40935 2.01598 2.12554 2.86668 2.73214 2.37075 2.16254 1.98883 2.01985 2.03741 1.82741  2.0713 3.25955 2.18854 2.00575  2.0365
3.01614 2.90872 2.94654 3.07598 3.16718  3.0952 2.89912 2.87754 2.88913 3.04089 2.35449 2.28567 2.92195  2.9111 2.85258 2.21826   2.849 2.92898 3.14869 2.53016 2.10044 2.18354 2.98764 2.85713  2.4997 2.29589 2.13035 2.02744 2.17722  2.0713 1.81299 3.38305  2.3227 2.13683 2.09906
3.24525 3.14867 3.22396 3.43478 3.71582 3.89622 3.11666 3.12093 3.18583 3.49301 3.44155 3.40481 3.11496  3.1278 3.11263  3.3511 3.00668 3.12043 3.73773 3.45043 3.26219 3.37874  3.0941 3.23878 3.31169 3.32668 3.28303 3.31665 3.24723 3.25955 3.38305 2.07641 3.33254 3.26468 3.35026
2.99271 2.88617 2.92724  3.0652 3.18286 3.15397 2.87487 2.85504  2.8708 3.04014 2.47613 2.42093 2.89609 2.88624 2.82997 2.35845 2.82063  2.9005 3.12826  2.5487 2.24498  2.3601 2.95704 2.80192 2.44161 2.29126 2.23161 2.27299 2.16006 2.18854  2.3227 3.33254 2.04484 2.14493  2.2633
2.91006 2.80305 2.84244 2.97608 3.08022 3.03059 2.79265 2.77188 2.78544 2.94543 2.32665 2.26742 2.81472 2.80432  2.7468 2.20329 2.74062 2.82048 3.04105  2.4375 2.08588 2.19735 2.87825  2.7354 2.37093 2.17749 2.06789 2.09894 2.03468 2.00575 2.13683 3.26468 2.14493 1.84539 2.05343
2.98936 2.88213 2.92066 3.05215 3.14937 3.08823 2.87216 2.85093 2.86342 3.01903 2.36725 2.30395 2.89462 2.88398 2.82593 2.23836 2.82114 2.90106 3.12051 2.50874 2.11945 2.22189  2.9593 2.82276 2.46113 2.25985 2.11425 2.10279 2.12789  2.0365 2.09906 3.35026  2.2633 2.05343 1.82164
