0.134561 0.144672 0.147632 0.151395 0.190024 0.190386 0.190936 0.193086 0.145558 0.150066 0.152992 0.189315  0.18655 0.188712 0.189862 0.190755 0.150867 0.151032 0.152725 0.154736 0.171001 0.189101 0.188057 0.191028 0.188919 0.189443 0.151812 0.153779 0.154697 0.156876 0.184065 0.190472 0.190846 0.190155 0.187885 0.156071 0.153852 0.154279 0.155377 0.180842 0.187052 0.190753 0.191248 0.187718 0.156102 0.155658 0.155926 0.159694 0.165731 0.190954 0.189939 0.191352  0.18914 0.156505 0.157533 0.157176 0.158301  0.18986 0.192036 0.189812 0.190563 0.188569 0.157017 0.155767 0.159568 0.162467 0.164915 0.191319 0.191476 0.190802 0.192823
0.144672 0.140599 0.145417 0.149625 0.188819 0.189233 0.189785 0.191935 0.146339 0.148614 0.151443 0.188147 0.185396 0.187561 0.188712 0.189605 0.150742 0.150478 0.151621 0.153496 0.169769 0.187928 0.186904 0.189877  0.18777 0.188295  0.15121 0.152956 0.153689 0.155798 0.182913 0.189325 0.189699 0.189009 0.186738 0.155341  0.15307 0.153395 0.154424 0.179733 0.185922 0.189609 0.190103 0.186574 0.155296 0.154813 0.155033 0.158771 0.164746 0.189814 0.188798 0.190209 0.187997 0.155674 0.156691 0.156308 0.157409 0.188756 0.190901 0.188673 0.189422 0.187427 0.156174 0.154909  0.15869  0.16157 0.163986 0.190183 0.190337 0.189662 0.191681
0.147632 0.145417 0.138314 0.144809 0.186158 0.186743 0.187303 0.189457 0.147441 0.147383 0.147919  0.18561 0.182903 0.185078 0.186234 0.187129 0.150496 0.149683 0.149713 0.150924 0.167054 0.185377 0.184417   0.1874 0.185296 0.185823 0.150169 0.151509 0.151789 0.153663 0.180437 0.186856 0.187232 0.186542 0.184272 0.154034 0.151661 0.151764 0.152616 0.177402 0.183513 0.187152 0.187644 0.184114 0.153825 0.153255 0.153366 0.157022 0.162807 0.187371 0.186347 0.187756 0.185542 0.154147 0.155138 0.154693 0.155734 0.186429 0.188471 0.186231 0.186975 0.184977 0.154616 0.153317 0.157047 0.159877 0.162199 0.187751 0.187895 0.187214 0.189233
0.151395 0.149625 0.144809 0.138203 0.185987 0.186956 0.187531 0.189692 0.150759 0.150647 0.148928 0.185721 0.183107 0.185306 0.186472  0.18737 0.153243 0.152292 0.151656 0.151946  0.16696 0.185474 0.184638 0.187637 0.185542 0.186073 0.152481  0.15358 0.153463 0.155007 0.180715 0.187115 0.187492 0.186804 0.184534 0.156136 0.153692 0.153616 0.154281 0.177981 0.183907 0.187433 0.187921 0.184389 0.155787 0.155143 0.155147 0.158699  0.16414  0.18768 0.186642 0.188043 0.185828 0.156053 0.157019 0.156513 0.157481 0.186971 0.188808 0.186543 0.187275 0.185271 0.156491 0.155156 0.158827 0.161585 0.163745 0.188082 0.188206 0.187515  0.18953
0.190024 0.188819 0.186158 0.185987 0.108001 0.160944 0.162839 0.165529 0.188822 0.189388 0.188914 0.154737 0.157008 0.160676 0.162507 0.163604 0.190083 0.189204 0.188608 0.188006 0.177636 0.165815 0.160858  0.16398 0.162198 0.162915 0.188027 0.188912 0.188147 0.187936 0.171916 0.165263 0.165214 0.164438 0.162159 0.190547  0.18793 0.187272 0.186722 0.178525  0.17248  0.16642 0.166484 0.162785 0.189235 0.188177 0.187346 0.189371 0.186091 0.168076 0.166169 0.167154 0.164812  0.18894 0.189686 0.188511 0.188325 0.177711 0.170355 0.166905 0.167022 0.164714 0.189039 0.187247 0.189981  0.19114 0.188713 0.169294 0.168478 0.167281 0.169134
0.190386 0.189233 0.186743 0.186956 0.160944 0.137005  0.14251 0.146181 0.189133 0.189783 0.189489 0.149555 0.140158 0.141534  0.14362 0.144875 0.190265 0.189409 0.188888 0.188428 0.179868 0.161805 0.145832 0.146956 0.144401 0.144977 0.188056 0.188949 0.188195 0.187973 0.166471 0.149498 0.148541 0.147329 0.144933 0.190413 0.187783 0.187079 0.186421 0.172809 0.162081  0.15048  0.15008 0.146156  0.18895 0.187838 0.186891 0.188677 0.183828 0.152673 0.150279 0.150973 0.148533 0.188558 0.189267 0.187977 0.187569 0.166014 0.155294 0.151352 0.151164 0.148688 0.188596 0.186719 0.189268 0.190079 0.186555 0.154039 0.152845 0.151416 0.153189
0.190936 0.189785 0.187303 0.187531 0.162839  0.14251 0.137053 0.142743 0.189681 0.190335 0.190048 0.151293 0.142023 0.141351 0.141326 0.142479 0.190806 0.189952 0.189435 0.188982 0.180548 0.162649 0.146528 0.147096 0.143567 0.143536 0.188591 0.189484 0.188732 0.188511 0.166927 0.149444 0.148134 0.146517 0.143954  0.19094  0.18831 0.187604 0.186942 0.173126 0.162175 0.150136 0.149541 0.145471  0.18947 0.188355 0.187403 0.189178 0.184258 0.152319 0.149835 0.150434 0.147953 0.189074 0.189781 0.188485 0.188066 0.165885  0.15493 0.150935  0.15069 0.148173 0.189109 0.187227 0.189767 0.190559 0.186977 0.153639 0.152402 0.150933  0.15269
0.193086 0.191935 0.189457 0.189692 0.165529 0.146181 0.142743 0.137026  0.19183 0.192485 0.192202 0.154001 0.144848 0.144122 0.141977  0.14102 0.192952 0.192099 0.191583 0.191134  0.18276  0.16497 0.148857 0.149287 0.145147 0.144273 0.190734 0.191627 0.190875 0.190656 0.169058 0.151397 0.149876 0.147906 0.145152 0.193079 0.190449 0.189743 0.189079 0.175179 0.164135 0.151879 0.151139  0.14694 0.191606  0.19049 0.189536 0.191306 0.186353 0.154039 0.151494 0.152019 0.149505 0.191208 0.191914 0.190615 0.190191 0.167711 0.156635 0.152607 0.152323 0.149775 0.191241 0.189358 0.191893 0.192677 0.189067  0.15532 0.154054 0.152558 0.154304
0.145558 0.146339 0.147441 0.150759 0.188822 0.189133 0.189681  0.19183 0.142371 0.149112 0.152135 0.188077 0.185298 0.187457 0.188605 0.189498 0.148586  0.14918 0.151422 0.153569 0.169827 0.187868 0.186803 0.189771 0.187661 0.188185 0.150009 0.152194 0.153299 0.155547 0.182811 0.189213 0.189586 0.188895 0.186625 0.154395 0.152227 0.152756 0.153924 0.179543 0.185776  0.18949 0.189985 0.186456 0.154502 0.154098 0.154412 0.158211 0.164309 0.189687 0.188675 0.190088 0.187877 0.154929 0.155969 0.155637 0.156786 0.188557 0.190765 0.188545 0.189298 0.187304 0.155454 0.154218  0.15804 0.160957 0.163437 0.190048 0.190209 0.189537 0.191557
0.150066 0.148614 0.147383 0.150647 0.189388 0.189783 0.190335 0.192485 0.149112 0.147011 0.151837 0.188702 0.185946  0.18811 0.189261 0.190154 0.152137 0.151136 0.151742 0.153868 0.170308 0.188481 0.187454 0.190427 0.188319 0.188844 0.151967 0.153461 0.154086 0.156223 0.183455 0.189873 0.190247 0.189557 0.187286 0.155982 0.153658 0.153898 0.154894 0.180263 0.186463 0.190157 0.190651 0.187121 0.155873 0.155357 0.155547 0.159274 0.165255 0.190361 0.189345 0.190757 0.188545 0.156234 0.157242 0.156842 0.157931 0.189295 0.191447 0.189219 0.189969 0.187974 0.156725  0.15545 0.159221 0.162095  0.16451 0.190729 0.190884 0.190209 0.192228
0.152992 0.151443 0.147919 0.148928 0.188914 0.189489 0.190048 0.192202 0.152135 0.151837  0.14796 0.188355 0.185648 0.187824  0.18898 0.189874 0.154427 0.153383 0.152364 0.152892 0.169655 0.188109 0.187161 0.190144 0.188042 0.188568 0.153567  0.15458 0.154446 0.156138 0.183155 0.189601 0.189977 0.189288 0.187018  0.15722 0.154763 0.154679 0.155389 0.180127 0.186251 0.189898  0.19039  0.18686 0.156882 0.156241 0.156266 0.159871 0.165604 0.190117 0.189094 0.190502 0.188289 0.157161 0.158131 0.157642 0.158644 0.189189  0.19122 0.188978 0.189722 0.187724 0.157608 0.156284 0.159981 0.162786 0.165078 0.190499 0.190643 0.189961 0.191979
0.189315 0.188147  0.18561 0.185721 0.154737 0.149555 0.151293 0.154001 0.188077 0.188702 0.188355  0.13124  0.14432 0.148944  0.15097  0.15211 0.189246 0.188383 0.187837 0.187325 0.177863 0.158057 0.148664 0.152243 0.150698   0.1515 0.187082  0.18797 0.187208 0.186971 0.166138 0.154052 0.153916 0.153161 0.150892 0.189489 0.186862 0.186169 0.185537 0.173361 0.164375 0.155437 0.155406 0.151679 0.188073 0.186976 0.186064  0.18792 0.183547 0.157434 0.155315 0.156204 0.153834 0.187712 0.188432 0.187178 0.186842 0.169285 0.159952 0.156238 0.156215 0.153838 0.187769 0.185919 0.188529 0.189456 0.186313 0.158805 0.157786 0.156478 0.158295
 0.18655 0.185396 0.182903 0.183107 0.157008 0.140158 0.142023 0.144848 0.185298 0.185946 0.185648  0.14432 0.133558 0.139532  0.14185 0.143057 0.186433 0.185577 0.185054 0.184588 0.175936 0.157504 0.141238 0.143258 0.141764 0.142615 0.184228  0.18512 0.184365  0.18414 0.162578 0.145926 0.145363 0.144509 0.142223 0.186589 0.183959 0.183256 0.182599 0.169068 0.158465 0.147219 0.147005 0.143207  0.18513 0.184019 0.183075 0.184866 0.180055 0.149427 0.147116 0.147896 0.145491 0.184741 0.185451 0.184164 0.183762 0.162612 0.152064 0.148166 0.148027 0.145589 0.184781 0.182906  0.18546 0.186281 0.182794  0.15084 0.149683 0.148288 0.150075
0.188712 0.187561 0.185078 0.185306 0.160676 0.141534 0.141351 0.144122 0.187457  0.18811 0.187824 0.148944 0.139532 0.137053 0.140991 0.142423 0.188583 0.187729 0.187211 0.186758 0.178309 0.160328 0.144058 0.144433 0.141469 0.142301 0.186367 0.187261 0.186508 0.186287  0.16466 0.147106 0.145939 0.144653  0.14228 0.188717 0.186087 0.185381 0.184719 0.170898 0.159945 0.147973 0.147499 0.143548 0.187248 0.186133 0.185181 0.186957  0.18204  0.15019 0.147751 0.148411  0.14596 0.186852 0.187559 0.186263 0.185845 0.163735 0.152822 0.148846 0.148631 0.146139 0.186887 0.185006 0.187546  0.18834 0.184763 0.151549 0.150329 0.148881 0.150647
0.189862 0.188712 0.186234 0.186472 0.162507  0.14362 0.141326 0.141977 0.188605 0.189261  0.18898  0.15097  0.14185 0.140991 0.137026 0.139917 0.189727 0.188874 0.188359 0.187911 0.179557 0.161795 0.145664 0.146009 0.141554 0.140901 0.187507 0.188401 0.187649 0.187431  0.16582 0.148077 0.146481 0.144482 0.141755 0.189852 0.187221 0.186515 0.185851  0.17192  0.16084 0.148513 0.147749 0.143544 0.188378 0.187261 0.186306 0.188075 0.183111 0.150675 0.148118 0.148634 0.146118 0.187978 0.188684 0.187385 0.186959 0.164384 0.153272 0.149237 0.148945 0.146394 0.188011 0.186128 0.188661 0.189443 0.185824 0.151952 0.150681 0.149181 0.150924
0.190755 0.189605 0.187129  0.18737 0.163604 0.144875 0.142479  0.14102 0.189498 0.190154 0.189874  0.15211 0.143057 0.142423 0.139917 0.131306 0.190618 0.189765 0.189251 0.188805  0.18048 0.162786 0.146704  0.14707 0.142575 0.140423 0.188397 0.189291  0.18854 0.188322 0.166722 0.148948 0.147265 0.144907 0.141891  0.19074 0.188109 0.187403 0.186738 0.172777 0.161663 0.149236  0.14835 0.144005 0.189265 0.188147 0.187191 0.188958  0.18398 0.151364 0.148759 0.149209 0.146659 0.188864  0.18957 0.188269 0.187841 0.165119 0.153942 0.149884  0.14956  0.14698 0.188897 0.187012 0.189544 0.190321 0.186689 0.152603 0.151311 0.149788 0.151521
0.150867 0.150742 0.150496 0.153243 0.190083 0.190265 0.190806 0.192952 0.148586 0.152137 0.154427 0.189246 0.186433 0.188583 0.189727 0.190618 0.142713 0.149883 0.152904 0.155122 0.171198 0.189054 0.187933 0.190894  0.18878 0.189302 0.148974   0.1526 0.154216 0.156602 0.183946 0.190328   0.1907 0.190008 0.187737  0.15404 0.152173 0.153179 0.154574 0.180565 0.186849 0.190596 0.191093 0.187564 0.154526  0.15431 0.154818 0.158723 0.164992 0.190782 0.189775 0.191191  0.18898 0.155061 0.156152 0.155932 0.157173 0.189553 0.191848 0.189637 0.190395 0.188404 0.155643 0.154467 0.158369 0.161353 0.163931 0.191132 0.191302 0.190634 0.192656
0.151032 0.150478 0.149683 0.152292 0.189204 0.189409 0.189952 0.192099  0.14918 0.151136 0.153383 0.188383 0.185577 0.187729 0.188874 0.189765 0.149883 0.146782 0.151528 0.154033 0.170268 0.188185 0.187077  0.19004 0.187928  0.18845 0.149491 0.151587 0.153215 0.155643 0.183082 0.189476 0.189848 0.189157 0.186886 0.153951 0.151793  0.15244  0.15376 0.179723 0.186003 0.189746 0.190242 0.186714 0.154122 0.153759 0.154144 0.158004 0.164231 0.189934 0.188926 0.190342 0.188131  0.15458 0.155634 0.155339 0.156528 0.188729 0.191003  0.18879 0.189547 0.187556 0.155123 0.153907  0.15776 0.160711 0.163254 0.190288 0.190455 0.189786 0.191808
0.152725 0.151621 0.149713 0.151656 0.188608 0.188888 0.189435 0.191583 0.151422 0.151742 0.152364 0.187837 0.185054 0.187211 0.188359 0.189251 0.152904 0.151528 0.148004  0.15249 0.169472 0.187616 0.186556 0.189524 0.187414 0.187938 0.151567 0.152144 0.152282 0.154749  0.18253 0.188964 0.189338 0.188648 0.186377 0.155157  0.15264  0.15256 0.153458 0.179246  0.18551 0.189242 0.189738 0.186209 0.154818 0.154183 0.154265 0.157965 0.164034 0.189438 0.188426  0.18984 0.187629 0.155118 0.156097 0.155638 0.156692 0.188311 0.190517 0.188296 0.189049 0.187056 0.155579 0.154274 0.158011 0.160874  0.16331   0.1898 0.189961 0.189289 0.191309
0.154736 0.153496 0.150924 0.151946 0.188006 0.188428 0.188982 0.191134 0.153569 0.153868 0.152892 0.187325 0.184588 0.186758 0.187911 0.188805 0.155122 0.154033  0.15249 0.147993  0.16826 0.187045 0.186093 0.189074  0.18697 0.187496  0.15357 0.154193 0.152842 0.153614 0.181985 0.188522 0.188901 0.188212 0.185942 0.156817 0.154222 0.153715 0.153994 0.178877 0.185107 0.188816  0.18931 0.185781 0.156212 0.155417 0.155226 0.158694  0.16435  0.18903  0.18801 0.189421 0.187208 0.156394 0.157319 0.156722 0.157631 0.188068 0.190129 0.187892 0.188638 0.186641 0.156789 0.155408 0.159029  0.16178 0.164025 0.189411 0.189557 0.188877 0.190896
0.171001 0.169769 0.167054  0.16696 0.177636 0.179868 0.180548  0.18276 0.169827 0.170308 0.169655 0.177863 0.175936 0.178309 0.179557  0.18048 0.171198 0.170268 0.169472  0.16826 0.127159 0.175849 0.177429 0.180677 0.178677  0.17925 0.169305 0.170112 0.169144  0.16836 0.171298 0.180251 0.180727 0.180078 0.177819 0.172053 0.169434 0.168767 0.168223  0.17277 0.177627 0.180851 0.181328 0.177791 0.170972 0.169981 0.169305 0.171713 0.171514 0.181394 0.180226  0.18157 0.179338 0.170846 0.171652 0.170679 0.170907 0.183464 0.182868 0.180327 0.180933 0.178871 0.171053 0.169415 0.172505 0.174371 0.174245 0.182107  0.18199 0.181184 0.183164
0.189101 0.187928 0.185377 0.185474 0.165815 0.161805 0.162649  0.16497 0.187868 0.188481 0.188109 0.158057 0.157504 0.160328 0.161795 0.162786 0.189054 0.188185 0.187616 0.187045 0.175849 0.129816 0.157631 0.162618 0.161007 0.161725 0.186915 0.187793 0.187004 0.186686 0.160683 0.162431 0.163306 0.162807 0.160589 0.189354 0.186726  0.18603 0.185382 0.172966 0.166759 0.164026 0.164446 0.160897 0.187972 0.186884 0.185988  0.18788 0.183787 0.165533 0.163883 0.165037 0.162751 0.187636 0.188366 0.187142 0.186868 0.174723 0.167843 0.164528 0.164769 0.162539  0.18771 0.185884 0.188551   0.1896 0.186892 0.166885 0.166159 0.165043 0.166928
0.188057 0.186904 0.184417 0.184638 0.160858 0.145832 0.146528 0.148857 0.186803 0.187454 0.187161 0.148664 0.141238 0.144058 0.145664 0.146704 0.187933 0.187077 0.186556 0.186093 0.177429 0.157631 0.133562 0.145676 0.144819 0.145725 0.185722 0.186614 0.185858 0.185627 0.163308 0.146369 0.147337 0.146987 0.144814 0.188079 0.185448 0.184743  0.18408 0.170192  0.15935 0.148705  0.14897 0.145392 0.186616 0.185502 0.184554 0.186337 0.181469 0.150969 0.148852 0.149823 0.147488 0.186224 0.186933 0.185643 0.185236 0.164079 0.153683 0.149862 0.149829 0.147468 0.186262 0.184386 0.186936 0.187751  0.18425 0.152529 0.151435 0.150109 0.151926
0.191028 0.189877   0.1874 0.187637  0.16398 0.146956 0.147096 0.149287 0.189771 0.190427 0.190144 0.152243 0.143258 0.144433 0.146009  0.14707 0.190894  0.19004 0.189524 0.189074 0.180677 0.162618 0.145676 0.143847 0.144828 0.146046 0.188674 0.189568 0.188815 0.188594 0.166749 0.148347 0.147745 0.147422 0.145286  0.19102 0.188389 0.187683 0.187018 0.173015 0.161863  0.14982  0.14971 0.146052 0.189547 0.188431 0.187476 0.189245 0.184286  0.15216 0.149837 0.150662 0.148285 0.189149 0.189855 0.188556 0.188133 0.165799 0.154867 0.150928 0.150788 0.148361 0.189182 0.187299 0.189835 0.190621 0.187019 0.153639 0.152455 0.151057 0.152846
0.188919  0.18777 0.185296 0.185542 0.162198 0.144401 0.143567 0.145147 0.187661 0.188319 0.188042 0.150698 0.141764 0.141469 0.141554 0.142575  0.18878 0.187928 0.187414  0.18697 0.178677 0.161007 0.144819 0.144828 0.138099 0.141148 0.186557 0.187451   0.1867 0.186482  0.16482 0.146745 0.144772 0.143068  0.14094 0.188898 0.186267  0.18556 0.184894 0.170856 0.159653 0.147071 0.146315 0.142265 0.187421 0.186303 0.185345 0.187108 0.182109  0.14929 0.146723 0.147273 0.144785 0.187019 0.187724 0.186421 0.185991  0.16312 0.151907 0.147861 0.147575 0.145035  0.18705 0.185165 0.187694 0.188466 0.184819 0.150588 0.149312 0.147816 0.149562
0.189443 0.188295 0.185823 0.186073 0.162915 0.144977 0.143536 0.144273 0.188185 0.188844 0.188568   0.1515 0.142615 0.142301 0.140901 0.140423 0.189302  0.18845 0.187938 0.187496  0.17925 0.161725 0.145725 0.146046 0.141148 0.136174 0.187077 0.187971 0.187221 0.187005 0.165416 0.147495 0.145557 0.142441 0.138865 0.189416 0.186785 0.186077  0.18541 0.171355 0.160136 0.147432 0.146277 0.141641 0.187936 0.186817 0.185858 0.187619 0.182601 0.149494 0.146782 0.147086 0.144466 0.187533 0.188237 0.186933 0.186499 0.163382 0.152035 0.147924 0.147526 0.144886 0.187563 0.185676 0.188202 0.188969 0.185301 0.150652 0.149312 0.147738 0.149449
0.151812  0.15121 0.150169 0.152481 0.188027 0.188056 0.188591 0.190734 0.150009 0.151967 0.153567 0.187082 0.184228 0.186367 0.187507 0.188397 0.148974 0.149491 0.151567  0.15357 0.169305 0.186915 0.185722 0.188674 0.186557 0.187077  0.14323 0.149824 0.151941 0.154421  0.18175   0.1881  0.18847 0.187778 0.185506 0.149579 0.148304 0.150145 0.151843 0.178233 0.184574 0.188357 0.188855 0.185327 0.150759  0.15088 0.151704  0.15576 0.162242 0.188529 0.187529 0.188948 0.186738 0.151479  0.15266 0.152625 0.154009 0.187178  0.18958 0.187382 0.188146 0.186158 0.152156 0.151082 0.155114 0.158197 0.160906 0.188867 0.189047 0.188384 0.190408
0.153779 0.152956 0.151509  0.15358 0.188912 0.188949 0.189484 0.191627 0.152194 0.153461  0.15458  0.18797  0.18512 0.187261 0.188401 0.189291   0.1526 0.151587 0.152144 0.154193 0.170112 0.187793 0.186614 0.189568 0.187451 0.187971 0.149824  0.14792 0.152084 0.154936 0.182619 0.188994 0.189365 0.188673 0.186401 0.153176 0.150379 0.150722 0.152485 0.179108 0.185464 0.189253 0.189751 0.186223 0.152877 0.152348 0.152739 0.156709 0.163174 0.189426 0.188426 0.189845 0.187635 0.153283 0.154307 0.153982 0.155195 0.188099 0.190481 0.188281 0.189044 0.187055 0.153803 0.152573 0.156428 0.159411  0.16205 0.189768 0.189946 0.189282 0.191306
0.154697 0.153689 0.151789 0.153463 0.188147 0.188195 0.188732 0.190875 0.153299 0.154086 0.154446 0.187208 0.184365 0.186508 0.187649  0.18854 0.154216 0.153215 0.152282 0.152842 0.169144 0.187004 0.185858 0.188815   0.1867 0.187221 0.151941 0.152084 0.147951 0.152858 0.181802 0.188242 0.188615 0.187924 0.185653 0.154751 0.151975 0.150851 0.151159   0.1783 0.184698 0.188505 0.189004 0.185476 0.153888 0.152924 0.152612 0.156178 0.162526 0.188683 0.187681 0.189099 0.186889 0.154005 0.154895 0.154242 0.155166 0.187409 0.189745  0.18754 0.188301 0.186311 0.154371 0.152966 0.156586 0.159399 0.161882 0.189032 0.189206 0.188539 0.190562
0.156876 0.155798 0.153663 0.155007 0.187936 0.187973 0.188511 0.190656 0.155547 0.156223 0.156138 0.186971  0.18414 0.186287 0.187431 0.188322 0.156602 0.155643 0.154749 0.153614  0.16836 0.186686 0.185627 0.188594 0.186482 0.187005 0.154421 0.154936 0.152858 0.143081 0.181368 0.188019 0.188399  0.18771  0.18544 0.157096 0.154367 0.153293 0.151929 0.177888 0.184423 0.188294 0.188794 0.185267 0.156051 0.154994 0.154266 0.157278 0.162819 0.188483 0.187479 0.188895 0.186684 0.156035  0.15687 0.156037 0.156709 0.187343 0.189563 0.187346 0.188102  0.18611 0.156322 0.154815 0.158259 0.160884 0.163061 0.188851 0.189013 0.188341 0.190363
0.184065 0.182913 0.180437 0.180715 0.171916 0.166471 0.166927 0.169058 0.182811 0.183455 0.183155 0.166138 0.162578  0.16466  0.16582 0.166722 0.183946 0.183082  0.18253 0.181985 0.171298 0.160683 0.163308 0.166749  0.16482 0.165416  0.18175 0.182619 0.181802 0.181368 0.127594 0.165655 0.166653 0.166153 0.163929  0.18414 0.181502 0.180769  0.18002 0.160705 0.158757 0.166693 0.167349  0.16388 0.182717 0.181607 0.180662 0.182441 0.177621 0.167448 0.166311 0.167685 0.165463 0.182361 0.183081 0.181832 0.181519 0.173083 0.169413 0.166604 0.167131 0.165042 0.182423 0.180583 0.183228 0.184265  0.18164 0.168687 0.168309 0.167405  0.16936
0.190472 0.189325 0.186856 0.187115 0.165263 0.149498 0.149444 0.151397 0.189213 0.189873 0.189601 0.154052 0.145926 0.147106 0.148077 0.148948 0.190328 0.189476 0.188964 0.188522 0.180251 0.162431 0.146369 0.148347 0.146745 0.147495   0.1881 0.188994 0.188242 0.188019 0.165655 0.143871 0.147888 0.148084 0.146008 0.190437 0.187805 0.187096 0.186424 0.171978 0.160256 0.148383 0.149403 0.146108 0.188956 0.187837 0.186875  0.18863 0.183575 0.150927 0.149004 0.150227 0.147982 0.188552 0.189257 0.187952 0.187517  0.16474 0.153844  0.15003   0.1501 0.147828 0.188583 0.186695 0.189222  0.18999 0.186336 0.152751 0.151675 0.150409 0.152255
0.190846 0.189699 0.187232 0.187492 0.165214 0.148541 0.148134 0.149876 0.189586 0.190247 0.189977 0.153916 0.145363 0.145939 0.146481 0.147265   0.1907 0.189848 0.189338 0.188901 0.180727 0.163306 0.147337 0.147745 0.144772 0.145557  0.18847 0.189365 0.188615 0.188399 0.166653 0.147888  0.14369  0.14574 0.143945 0.190804 0.188173 0.187464 0.186794 0.172552 0.161098 0.147775  0.14744   0.1442  0.18932   0.1882 0.187237 0.188991 0.183925 0.150329  0.14784 0.148671 0.146355 0.188914 0.189618  0.18831  0.18787  0.16445  0.15306 0.149031 0.148841 0.146411 0.188943 0.187053 0.189574 0.190331 0.186632 0.151787 0.150547  0.14912 0.150902
0.190155 0.189009 0.186542 0.186804 0.164438 0.147329 0.146517 0.147906 0.188895 0.189557 0.189288 0.153161 0.144509 0.144653 0.144482 0.144907 0.190008 0.189157 0.188648 0.188212 0.180078 0.162807 0.146987 0.147422 0.143068 0.142441 0.187778 0.188673 0.187924  0.18771 0.166153 0.148084  0.14574 0.140187  0.14003  0.19011 0.187479  0.18677 0.186101 0.171923 0.160565 0.147437  0.14574 0.141124 0.188625 0.187505 0.186541 0.188294 0.183222 0.149416 0.146534 0.146695 0.144049 0.188218 0.188921 0.187613 0.187169 0.163499 0.151911 0.147725 0.147239 0.144544 0.188246 0.186356 0.188874 0.189626 0.185907 0.150471 0.149071  0.14744 0.149129
0.187885 0.186738 0.184272 0.184534 0.162159 0.144933 0.143954 0.145152 0.186625 0.187286 0.187018 0.150892 0.142223  0.14228 0.141755 0.141891 0.187737 0.186886 0.186377 0.185942 0.177819 0.160589 0.144814 0.145286  0.14094 0.138865 0.185506 0.186401 0.185653  0.18544 0.163929 0.146008 0.143945  0.14003 0.129365 0.187839 0.185207 0.184498 0.183829 0.169667 0.158332 0.145291 0.143612 0.137571 0.186353 0.185232 0.184269 0.186021 0.180946   0.1471 0.144145 0.143969  0.14105 0.185945 0.186648 0.185339 0.184895 0.161154 0.149511 0.145279 0.144669 0.141827 0.185973 0.184083   0.1866  0.18735 0.183626 0.148011 0.146547 0.144821 0.146461
0.156071 0.155341 0.154034 0.156136 0.190547 0.190413  0.19094 0.193079 0.154395 0.155982  0.15722 0.189489 0.186589 0.188717 0.189852  0.19074  0.15404 0.153951 0.155157 0.156817 0.172053 0.189354 0.188079  0.19102 0.188898 0.189416 0.149579 0.153176 0.154751 0.157096  0.18414 0.190437 0.190804  0.19011 0.187839 0.143949 0.149309 0.152038  0.15389  0.18048 0.186865  0.19068  0.19118 0.187652 0.150035 0.151658 0.153069  0.15732 0.164021 0.190836 0.189843 0.191266 0.189057 0.151421 0.152942 0.153469 0.155155 0.189343  0.19187 0.189686 0.190457 0.188472 0.152425  0.15166 0.156031 0.159316 0.162222 0.191159 0.191352 0.190695  0.19272
0.153852  0.15307 0.151661 0.153692  0.18793 0.187783  0.18831 0.190449 0.152227 0.153658 0.154763 0.186862 0.183959 0.186087 0.187221 0.188109 0.152173 0.151793  0.15264 0.154222 0.169434 0.186726 0.185448 0.188389 0.186267 0.186785 0.148304 0.150379 0.151975 0.154367 0.181502 0.187805 0.188173 0.187479 0.185207 0.149309 0.144405 0.148887 0.151045 0.177828 0.184226 0.188048 0.188548  0.18502  0.14877 0.148862 0.150286 0.154581  0.16133 0.188203 0.187211 0.188634 0.186425 0.149585   0.1508  0.15094 0.152534 0.186706 0.189237 0.187054 0.187825  0.18584 0.150324 0.149339 0.153519 0.156732 0.159614 0.188525 0.188719 0.188062 0.190088
0.154279 0.153395 0.151764 0.153616 0.187272 0.187079 0.187604 0.189743 0.152756 0.153898 0.154679 0.186169 0.183256 0.185381 0.186515 0.187403 0.153179  0.15244  0.15256 0.153715 0.168767  0.18603 0.184743 0.187683  0.18556 0.186077 0.150145 0.150722 0.150851 0.153293 0.180769 0.187096 0.187464  0.18677 0.184498 0.152038 0.148887 0.145167  0.14936 0.177039  0.18349 0.187337 0.187838 0.184311 0.150631 0.149204 0.149144 0.153483 0.160401  0.18749   0.1865 0.187923 0.185715 0.150655  0.15148 0.150832  0.15196 0.185981 0.188523 0.186341 0.187113 0.185129 0.150992 0.149594 0.153303 0.156272 0.159051 0.187813 0.188007 0.187351 0.189377
0.155377 0.154424 0.152616 0.154281 0.186722 0.186421 0.186942 0.189079 0.153924 0.154894 0.155389 0.185537 0.182599 0.184719 0.185851 0.186738 0.154574  0.15376 0.153458 0.153994 0.168223 0.185382  0.18408 0.187018 0.184894  0.18541 0.151843 0.152485 0.151159 0.151929  0.18002 0.186424 0.186794 0.186101 0.183829  0.15389 0.151045  0.14936   0.1447 0.176134 0.182742 0.186663 0.187165 0.183639 0.152331 0.150949 0.149397 0.152071 0.159164 0.186811 0.185825  0.18725 0.185041 0.152078 0.152804 0.151673 0.152128 0.185288 0.187844 0.185665 0.186438 0.184454 0.152238 0.150587 0.153863 0.156473 0.158964 0.187136 0.187331 0.186676 0.188702
0.180842 0.179733 0.177402 0.177981 0.178525 0.172809 0.173126 0.175179 0.179543 0.180263 0.180127 0.173361 0.169068 0.170898  0.17192 0.172777 0.180565 0.179723 0.179246 0.178877  0.17277 0.172966 0.170192 0.173015 0.170856 0.171355 0.178233 0.179108   0.1783 0.177888 0.160705 0.171978 0.172552 0.171923 0.169667  0.18048 0.177828 0.177039 0.176134 0.127125 0.160525 0.172189 0.172854 0.169384 0.178929 0.177765 0.176697 0.178166 0.170966 0.172176  0.17142 0.172931 0.170745 0.178494 0.179183 0.177837 0.177345 0.172277 0.173518 0.171308 0.172106  0.17014 0.178508 0.176604 0.179117 0.179952 0.176929 0.172991 0.173045 0.172365 0.174389
0.187052 0.185922 0.183513 0.183907  0.17248 0.162081 0.162175 0.164135 0.185776 0.186463 0.186251 0.164375 0.158465 0.159945  0.16084 0.161663 0.186849 0.186003  0.18551 0.185107 0.177627 0.166759  0.15935 0.161863 0.159653 0.160136 0.184574 0.185464 0.184698 0.184423 0.158757 0.160256 0.161098 0.160565 0.158332 0.186865 0.184226  0.18349 0.182742 0.160525 0.125548 0.160409 0.161342 0.157959 0.185346 0.184207 0.183201 0.184845 0.178955  0.16031 0.159839 0.161458 0.159301 0.184921 0.185616 0.184285 0.183805  0.16584  0.16237 0.159892 0.160668 0.158705 0.184939 0.183036 0.185535 0.186278  0.18267 0.161969 0.161725 0.160962  0.16297
0.190753 0.189609 0.187152 0.187433  0.16642  0.15048 0.150136 0.151879  0.18949 0.190157 0.189898 0.155437 0.147219 0.147973 0.148513 0.149236 0.190596 0.189746 0.189242 0.188816 0.180851 0.164026 0.148705  0.14982 0.147071 0.147432 0.188357 0.189253 0.188505 0.188294 0.166693 0.148383 0.147775 0.147437 0.145291  0.19068 0.188048 0.187337 0.186663 0.172189 0.160409 0.143921 0.147519 0.144668 0.189186 0.188062 0.187092 0.188831 0.183665 0.148325 0.146393 0.148197 0.146122 0.188773 0.189474 0.188158 0.187702 0.163274 0.151511 0.147619 0.147821 0.145719 0.188798 0.186902 0.189409 0.190139 0.186351 0.150446 0.149373 0.148197 0.150095
0.191248 0.190103 0.187644 0.187921 0.166484  0.15008 0.149541 0.151139 0.189985 0.190651  0.19039 0.155406 0.147005 0.147499 0.147749  0.14835 0.191093 0.190242 0.189738  0.18931 0.181328 0.164446  0.14897  0.14971 0.146315 0.146277 0.188855 0.189751 0.189004 0.188794 0.167349 0.149403  0.14744  0.14574 0.143612  0.19118 0.188548 0.187838 0.187165 0.172854 0.161342 0.147519 0.143451 0.142483 0.189687 0.188564 0.187595 0.189337 0.184195 0.149354 0.146049 0.146472 0.144405 0.189275 0.189976 0.188661 0.188206 0.163765 0.151817 0.147521 0.147024 0.144479   0.1893 0.187405 0.189913 0.190644 0.186858 0.150326 0.148895 0.147301 0.149027
0.187718 0.186574 0.184114 0.184389 0.162785 0.146156 0.145471  0.14694 0.186456 0.187121  0.18686 0.151679 0.143207 0.143548 0.143544 0.144005 0.187564 0.186714 0.186209 0.185781 0.177791 0.160897 0.145392 0.146052 0.142265 0.141641 0.185327 0.186223 0.185476 0.185267  0.16388 0.146108   0.1442 0.141124 0.137571 0.187652  0.18502 0.184311 0.183639 0.169384 0.157959 0.144668 0.142483 0.133612  0.18616 0.185037 0.184069 0.185812 0.180679 0.146053 0.142783  0.14179 0.138301 0.185748 0.186449 0.185135 0.184681 0.160245 0.148252  0.14385 0.142906 0.139716 0.185773 0.183879 0.186387 0.187119 0.183334 0.146574 0.144922 0.142948 0.144469
0.156102 0.155296 0.153825 0.155787 0.189235  0.18895  0.18947 0.191606 0.154502 0.155873 0.156882 0.188073  0.18513 0.187248 0.188378 0.189265 0.154526 0.154122 0.154818 0.156212 0.170972 0.187972 0.186616 0.189547 0.187421 0.187936 0.150759 0.152877 0.153888 0.156051 0.182717 0.188956  0.18932 0.188625 0.186353 0.150035  0.14877 0.150631 0.152331 0.178929 0.185346 0.189186 0.189687  0.18616 0.144119 0.148779 0.150765 0.155169  0.16204 0.189327 0.188341 0.189767 0.187559 0.146744 0.148912 0.150389 0.152471 0.187696 0.190344 0.188174 0.188951 0.186969 0.148339 0.148107 0.153007 0.156565 0.159693 0.189634 0.189839 0.189189 0.191216
0.155658 0.154813 0.153255 0.155143 0.188177 0.187838 0.188355  0.19049 0.154098 0.155357 0.156241 0.186976 0.184019 0.186133 0.187261 0.188147  0.15431 0.153759 0.154183 0.155417 0.169981 0.186884 0.185502 0.188431 0.186303 0.186817  0.15088 0.152348 0.152924 0.154994 0.181607 0.187837   0.1882 0.187505 0.185232 0.151658 0.148862 0.149204 0.150949 0.177765 0.184207 0.188062 0.188564 0.185037 0.148779 0.144889 0.148881 0.153633 0.160688 0.188199 0.187215 0.188642 0.186434 0.148513 0.149083 0.148927 0.150997 0.186525  0.18921 0.187045 0.187824 0.185843 0.148815 0.147603 0.151814 0.155218 0.158349 0.188501  0.18871 0.188061 0.190089
0.155926 0.155033 0.153366 0.155147 0.187346 0.186891 0.187403 0.189536 0.154412 0.155547 0.156266 0.186064 0.183075 0.185181 0.186306 0.187191 0.154818 0.154144 0.154265 0.155226 0.169305 0.185988 0.184554 0.187476 0.185345 0.185858 0.151704 0.152739 0.152612 0.154266 0.180662 0.186875 0.187237 0.186541 0.184269 0.153069 0.150286 0.149144 0.149397 0.176697 0.183201 0.187092 0.187595 0.184069 0.150765 0.148881 0.144559 0.151325 0.159122 0.187218  0.18624  0.18767 0.185463 0.150086 0.150612 0.148842 0.149351 0.185458  0.18822 0.186064 0.186847 0.184868 0.150019 0.148116 0.151223 0.154006 0.157053 0.187513 0.187729 0.187084 0.189113
0.159694 0.158771 0.157022 0.158699 0.189371 0.188677 0.189178 0.191306 0.158211 0.159274 0.159871  0.18792 0.184866 0.186957 0.188075 0.188958 0.158723 0.158004 0.157965 0.158694 0.171713  0.18788 0.186337 0.189245 0.187108 0.187619  0.15576 0.156709 0.156178 0.157278 0.182441  0.18863 0.188991 0.188294 0.186021  0.15732 0.154581 0.153483 0.152071 0.178166 0.184845 0.188831 0.189337 0.185812 0.155169 0.153633 0.151325 0.144308 0.158584 0.188936  0.18797 0.189404 0.187198 0.154435 0.154982 0.153182 0.151972 0.187012  0.18992 0.187781 0.188573 0.186598 0.154292 0.152218 0.154648 0.156553 0.158969 0.189218 0.189448 0.188809 0.190841
0.165731 0.164746 0.162807  0.16414 0.186091 0.183828 0.184258 0.186353 0.164309 0.165255 0.165604 0.183547 0.180055  0.18204 0.183111  0.18398 0.164992 0.164231 0.164034  0.16435 0.171514 0.183787 0.181469 0.184286 0.182109 0.182601 0.162242 0.163174 0.162526 0.162819 0.177621 0.183575 0.183925 0.183222 0.180946 0.164021  0.16133 0.160401 0.159164 0.170966 0.178955 0.183665 0.184195 0.180679  0.16204 0.160688 0.159122 0.158584 0.126441 0.183631 0.182745 0.184213 0.182017 0.161342 0.161925 0.160235  0.15905 0.180652 0.184508 0.182482 0.183328 0.181378 0.161199 0.159087 0.161223 0.161743 0.160113 0.183851 0.184158 0.183562 0.185607
0.190954 0.189814 0.187371  0.18768 0.168076 0.152673 0.152319 0.154039 0.189687 0.190361 0.190117 0.157434 0.149427  0.15019 0.150675 0.151364 0.190782 0.189934 0.189438  0.18903 0.181394 0.165533 0.150969  0.15216  0.14929 0.149494 0.188529 0.189426 0.188683 0.188483 0.167448 0.150927 0.150329 0.149416   0.1471 0.190836 0.188203  0.18749 0.186811 0.172176  0.16031 0.148325 0.149354 0.146053 0.189327 0.188199 0.187218 0.188936 0.183631  0.14373 0.146454 0.148824 0.146831 0.188904 0.189601 0.188273 0.187793   0.1616 0.149029 0.146048 0.147484 0.145836 0.188922 0.187017 0.189503 0.190191 0.186262 0.148905 0.148433 0.147882 0.149996
0.189939 0.188798 0.186347 0.186642 0.166169 0.150279 0.149835 0.151494 0.188675 0.189345 0.189094 0.155315 0.147116 0.147751 0.148118 0.148759 0.189775 0.188926 0.188426  0.18801 0.180226 0.163883 0.148852 0.149837 0.146723 0.146782 0.187529 0.188426 0.187681 0.187479 0.166311 0.149004  0.14784 0.146534 0.144145 0.189843 0.187211   0.1865 0.185825  0.17142 0.159839 0.146393 0.146049 0.142783 0.188341 0.187215  0.18624  0.18797 0.182745 0.146454 0.140919 0.145104 0.143372 0.187923 0.188622 0.187299 0.186829 0.161321 0.148772 0.144151 0.144118 0.142448 0.187944 0.186043 0.188538 0.189243 0.185365 0.147215  0.14591 0.144748 0.146735
0.191352 0.190209 0.187756 0.188043 0.167154 0.150973 0.150434 0.152019 0.190088 0.190757 0.190502 0.156204 0.147896 0.148411 0.148634 0.149209 0.191191 0.190342  0.18984 0.189421  0.18157 0.165037 0.149823 0.150662 0.147273 0.147086 0.188948 0.189845 0.189099 0.188895 0.167685 0.150227 0.148671 0.146695 0.143969 0.191266 0.188634 0.187923  0.18725 0.172931 0.161458 0.148197 0.146472  0.14179 0.189767 0.188642  0.18767 0.189404 0.184213 0.148824 0.145104 0.141657 0.141515 0.189351  0.19005 0.188731 0.188266 0.163082 0.150679 0.146029 0.144499 0.141317 0.189373 0.187474 0.189973 0.190686 0.186836 0.148741 0.146828 0.144634 0.146113
 0.18914 0.187997 0.185542 0.185828 0.164812 0.148533 0.147953 0.149505 0.187877 0.188545 0.188289 0.153834 0.145491  0.14596 0.146118 0.146659  0.18898 0.188131 0.187629 0.187208 0.179338 0.162751 0.147488 0.148285 0.144785 0.144466 0.186738 0.187635 0.186889 0.186684 0.165463 0.147982 0.146355 0.144049  0.14105 0.189057 0.186425 0.185715 0.185041 0.170745 0.159301 0.146122 0.144405 0.138301 0.187559 0.186434 0.185463 0.187198 0.182017 0.146831 0.143372 0.141515 0.131899 0.187143 0.187843 0.186524 0.186061 0.160976 0.148621 0.143991  0.14242 0.137767 0.187166 0.185268 0.187768 0.188484 0.184641 0.146618 0.144578 0.141876 0.142958
0.156505 0.155674 0.154147 0.156053  0.18894 0.188558 0.189074 0.191208 0.154929 0.156234 0.157161 0.187712 0.184741 0.186852 0.187978 0.188864 0.155061  0.15458 0.155118 0.156394 0.170846 0.187636 0.186224 0.189149 0.187019 0.187533 0.151479 0.153283 0.154005 0.156035 0.182361 0.188552 0.188914 0.188218 0.185945 0.151421 0.149585 0.150655 0.152078 0.178494 0.184921 0.188773 0.189275 0.185748 0.146744 0.148513 0.150086 0.154435 0.161342 0.188904 0.187923 0.189351 0.187143 0.137157 0.146137 0.148794 0.151202 0.187175 0.189908 0.187748  0.18853  0.18655 0.143293  0.14531 0.151228 0.155146 0.158478 0.189199 0.189413 0.188767 0.190795
0.157533 0.156691 0.155138 0.157019 0.189686 0.189267 0.189781 0.191914 0.155969 0.157242 0.158131 0.188432 0.185451 0.187559 0.188684  0.18957 0.156152 0.155634 0.156097 0.157319 0.171652 0.188366 0.186933 0.189855 0.187724 0.188237  0.15266 0.154307 0.154895  0.15687 0.183081 0.189257 0.189618 0.188921 0.186648 0.152942   0.1508  0.15148 0.152804 0.179183 0.185616 0.189474 0.189976 0.186449 0.148912 0.149083 0.150612 0.154982 0.161925 0.189601 0.188622  0.19005 0.187843 0.146137   0.1447 0.148921 0.151573 0.187837 0.190601 0.188445 0.189228 0.187249 0.145938 0.145723 0.151547 0.155518 0.158908 0.189892  0.19011 0.189465 0.191494
0.157176 0.156308 0.154693 0.156513 0.188511 0.187977 0.188485 0.190615 0.155637 0.156842 0.157642 0.187178 0.184164 0.186263 0.187385 0.188269 0.155932 0.155339 0.155638 0.156722 0.170679 0.187142 0.185643 0.188556 0.186421 0.186933 0.152625 0.153982 0.154242 0.156037 0.181832 0.187952  0.18831 0.187613 0.185339 0.153469  0.15094 0.150832 0.151673 0.177837 0.184285 0.188158 0.188661 0.185135 0.150389 0.148927 0.148842 0.153182 0.160235 0.188273 0.187299 0.188731 0.186524 0.148794 0.148921 0.144584 0.149026 0.186394 0.189259 0.187114 0.187903 0.185926  0.14821 0.145676 0.149224  0.15315 0.156709 0.188552 0.188779 0.188139 0.190169
0.158301 0.157409 0.155734 0.157481 0.188325 0.187569 0.188066 0.190191 0.156786 0.157931 0.158644 0.186842 0.183762 0.185845 0.186959 0.187841 0.157173 0.156528 0.156692 0.157631 0.170907 0.186868 0.185236 0.188133 0.185991 0.186499 0.154009 0.155195 0.155166 0.156709 0.181519 0.187517  0.18787 0.187169 0.184895 0.155155 0.152534  0.15196 0.152128 0.177345 0.183805 0.187702 0.188206 0.184681 0.152471 0.150997 0.149351 0.151972  0.15905 0.187793 0.186829 0.188266 0.186061 0.151202 0.151573 0.149026   0.1445 0.185682 0.188749 0.186627 0.187426 0.185455 0.150702 0.148091   0.1493  0.15086 0.154534 0.188044 0.188292 0.187662 0.189695
 0.18986 0.188756 0.186429 0.186971 0.177711 0.166014 0.165885 0.167711 0.188557 0.189295 0.189189 0.169285 0.162612 0.163735 0.164384 0.165119 0.189553 0.188729 0.188311 0.188068 0.183464 0.174723 0.164079 0.165799  0.16312 0.163382 0.187178 0.188099 0.187409 0.187343 0.173083  0.16474  0.16445 0.163499 0.161154 0.189343 0.186706 0.185981 0.185288 0.172277  0.16584 0.163274 0.163765 0.160245 0.187696 0.186525 0.185458 0.187012 0.180652   0.1616 0.161321 0.163082 0.160976 0.187175 0.187837 0.186394 0.185682 0.122848 0.159455 0.159817 0.161432  0.15982  0.18713 0.185137 0.187418 0.187681 0.182236 0.159838 0.161524   0.1616 0.163847
0.192036 0.190901 0.188471 0.188808 0.170355 0.155294  0.15493 0.156635 0.190765 0.191447  0.19122 0.159952 0.152064 0.152822 0.153272 0.153942 0.191848 0.191003 0.190517 0.190129 0.182868 0.167843 0.153683 0.154867 0.151907 0.152035  0.18958 0.190481 0.189745 0.189563 0.169413 0.153844  0.15306 0.151911 0.149511  0.19187 0.189237 0.188523 0.187844 0.173518  0.16237 0.151511 0.151817 0.148252 0.190344  0.18921  0.18822  0.18992 0.184508 0.149029 0.148772 0.150679 0.148621 0.189908 0.190601 0.189259 0.188749 0.159455 0.138728 0.146117 0.148528 0.147153 0.189918 0.188002 0.190462 0.191094 0.186962  0.14647 0.148309 0.148709 0.151068
0.189812 0.188673 0.186231 0.186543 0.166905 0.151352 0.150935 0.152607 0.188545 0.189219 0.188978 0.156238 0.148166 0.148846 0.149237 0.149884 0.189637  0.18879 0.188296 0.187892 0.180327 0.164528 0.149862 0.150928 0.147861 0.147924 0.187382 0.188281  0.18754 0.187346 0.166604  0.15003 0.149031 0.147725 0.145279 0.189686 0.187054 0.186341 0.185665 0.171308 0.159892 0.147619 0.147521  0.14385 0.188174 0.187045 0.186064 0.187781 0.182482 0.146048 0.144151 0.146029 0.143991 0.187748 0.188445 0.187114 0.186627 0.159817 0.146117 0.139323 0.143416 0.142316 0.187765 0.185857 0.188337 0.189011 0.185023 0.143896  0.14346  0.14379  0.14619
0.190563 0.189422 0.186975 0.187275 0.167022 0.151164  0.15069 0.152323 0.189298 0.189969 0.189722 0.156215 0.148027 0.148631 0.148945  0.14956 0.190395 0.189547 0.189049 0.188638 0.180933 0.164769 0.149829 0.150788 0.147575 0.147526 0.188146 0.189044 0.188301 0.188102 0.167131   0.1501 0.148841 0.147239 0.144669 0.190457 0.187825 0.187113 0.186438 0.172106 0.160668 0.147821 0.147024 0.142906 0.188951 0.187824 0.186847 0.188573 0.183328 0.147484 0.144118 0.144499  0.14242  0.18853 0.189228 0.187903 0.187426 0.161432 0.148528 0.143416 0.139526 0.140078 0.188549 0.186646 0.189135 0.189828 0.185906 0.146027 0.143529 0.141739 0.144046
0.188569 0.187427 0.184977 0.185271 0.164714 0.148688 0.148173 0.149775 0.187304 0.187974 0.187724 0.153838 0.145589 0.146139 0.146394  0.14698 0.188404 0.187556 0.187056 0.186641 0.178871 0.162539 0.147468 0.148361 0.145035 0.144886 0.186158 0.187055 0.186311  0.18611 0.165042 0.147828 0.146411 0.144544 0.141827 0.188472  0.18584 0.185129 0.184454  0.17014 0.158705 0.145719 0.144479 0.139716 0.186969 0.185843 0.184868 0.186598 0.181378 0.145836 0.142448 0.141317 0.137767  0.18655 0.187249 0.185926 0.185455  0.15982 0.147153 0.142316 0.140078 0.132495 0.186571 0.184669 0.187163 0.187865 0.183974  0.14476 0.142207  0.13827  0.13852
