1.999887 2.332445 2.480426 2.893938 3.235744 3.560030 2.177471 2.363154 2.473436 3.011770 3.158028 3.177948 2.334909 2.387006 2.413184 3.099191 2.522066 3.329794 3.108642 2.406492 3.069981 2.991502 2.542644 2.911761 3.043096 3.052422 3.040673 3.040006 3.037875 3.024994 3.110840 3.189983 3.111601 3.051892 3.114272
2.332445 2.064720 2.297851 2.750302 3.101502 3.442197 2.221849 2.214834 2.326113 2.876155 3.044880 3.065428 2.323722 2.299373 2.297015 2.986946 2.434277 3.215082 2.996742 2.347415 2.959508 2.880002 2.481400 2.814971 2.934420 2.942516 2.929673 2.928808 2.928019 2.914248 2.999918 3.102294 3.002383 2.941448 3.003568
2.480426 2.297851 2.158047 2.725448 3.094442 3.462411 2.357021 2.280035 2.311075 2.868315 3.072849 3.094356 2.441311 2.390556 2.348299 3.016308 2.509834 3.243502 3.026637 2.440795 2.991916 2.910538 2.572496 2.867503 2.969622 2.975670 2.961033 2.959838 2.961194 2.946012 3.031385 3.164859 3.036527 2.973682 3.035389
2.893938 2.750302 2.725448 2.214285 2.889132 3.501187 2.763134 2.700715 2.644194 2.756529 3.169325 3.197220 2.831920 2.774429 2.698672 3.121953 2.861742 3.394163 3.135858 2.801742 3.121338 3.024103 2.927107 3.111808 3.114852 3.107182 3.079946 3.076549 3.091941 3.067202 3.150675 3.437811 3.173048 3.097943 3.156833
3.235744 3.101502 3.094442 2.889132 2.154882 3.440677 3.102883 3.051421 3.009460 2.905697 3.213731 3.250870 3.166229 3.111201 3.037162 3.179566 3.186676 3.576824 3.199194 3.122981 3.219334 3.094039 3.243835 3.337772 3.229744 3.203519 3.158160 3.151339 3.186086 3.148303 3.229138 3.682751 3.274240 3.183361 3.238254
3.560030 3.442197 3.462411 3.501187 3.440677 2.026628 3.423404 3.393665 3.382804 3.456127 2.779822 2.861700 3.476723 3.429122 3.364865 2.812114 3.485024 3.677132 2.855203 3.407101 3.013667 2.778147 3.518494 3.425681 3.054015 2.974449 2.870030 2.849606 2.945505 2.867460 2.939129 3.804690 3.051143 2.915738 2.958204
2.177471 2.221849 2.357021 2.763134 3.102883 3.423404 1.987226 2.235595 2.343948 2.879295 3.020324 3.040083 2.166987 2.247295 2.277676 2.961262 2.379644 3.192586 2.970636 2.255229 2.931628 2.853397 2.391871 2.770603 2.904335 2.913947 2.902450 2.901828 2.899388 2.886708 2.972593 3.046547 2.972965 2.913540 2.975978
2.363154 2.214834 2.280035 2.700715 3.051421 3.393665 2.235595 2.072556 2.262352 2.824702 2.996982 3.017634 2.317609 2.253951 2.229198 2.939198 2.388536 3.165109 2.949047 2.318775 2.911941 2.832372 2.451825 2.769719 2.887209 2.895139 2.882134 2.881238 2.880684 2.866767 2.952404 3.060838 2.955179 2.894019 2.956096
2.473436 2.326113 2.311075 2.644194 3.009460 3.382804 2.343948 2.262352 2.096852 2.776347 2.995607 3.017403 2.417697 2.354455 2.269709 2.939493 2.455825 3.160633 2.949986 2.400240 2.915787 2.834077 2.530203 2.799155 2.894690 2.900117 2.884862 2.883550 2.885720 2.870005 2.955259 3.104014 2.961454 2.897856 2.959399
3.011770 2.876155 2.868315 2.756529 2.905697 3.456127 2.879295 2.824702 2.776347 2.208702 3.140093 3.170096 2.943748 2.886913 2.808935 3.095658 2.964313 3.377337 3.111036 2.903631 3.103229 3.000874 3.026130 3.156276 3.106068 3.091795 3.059140 3.054825 3.076627 3.047465 3.130105 3.496359 3.160801 3.079666 3.137228
3.158028 3.044880 3.072849 3.169325 3.213731 2.779822 3.020324 2.996982 2.995607 3.140093 1.877286 2.131196 3.070823 3.025348 2.964484 2.100154 3.075533 3.234645 2.169115 2.993024 2.437412 2.121421 3.101214 2.942165 2.477130 2.374511 2.232678 2.201031 2.335536 2.232824 2.298125 3.326472 2.448277 2.289446 2.323884
3.177948 3.065428 3.094356 3.197220 3.250870 2.861700 3.040083 3.017634 3.017403 3.170096 2.131196 1.751497 3.090205 3.045068 2.984656 1.990307 3.094532 3.251652 2.108901 3.011457 2.439064 2.099387 3.119284 2.952790 2.476039 2.369802 2.217367 2.178813 2.327171 2.216316 2.278442 3.337724 2.440883 2.275630 2.306966
2.334909 2.323722 2.441311 2.831920 3.166229 3.476723 2.166987 2.317609 2.417697 2.943748 3.070823 3.090205 2.014088 2.306153 2.339467 3.011220 2.423129 3.245598 3.020381 2.264969 2.980562 2.902883 2.402865 2.811888 2.952081 2.962442 2.951610 2.951116 2.947829 2.935712 3.021715 3.080281 3.020986 2.962357 3.024960
2.387006 2.299373 2.390556 2.774429 3.111201 3.429122 2.247295 2.253951 2.354455 2.886913 3.025348 3.045068 2.306153 2.125566 2.255357 2.966215 2.356584 3.194988 2.975563 2.290150 2.936217 2.858281 2.425751 2.774939 2.908821 2.918625 2.907271 2.906673 2.904127 2.891536 2.977441 3.056530 2.977690 2.918355 2.980815
2.413184 2.297015 2.348299 2.698672 3.037162 3.364865 2.277676 2.229198 2.269709 2.808935 2.964484 2.984656 2.339467 2.255357 2.037846 2.906005 2.332016 3.124273 2.915617 2.305884 2.876883 2.798640 2.436388 2.726307 2.851270 2.860262 2.848054 2.847294 2.845952 2.832583 2.918317 3.024984 2.920163 2.859667 2.921895
3.099191 2.986946 3.016308 3.121953 3.179566 2.812114 2.961262 2.939198 2.939493 3.095658 2.100154 1.990307 3.011220 2.966215 2.906005 1.833808 3.015384 3.171488 1.988017 2.932057 2.352184 2.001830 3.039715 2.869973 2.387988 2.280216 2.122818 2.080740 2.235872 2.121140 2.181572 3.255235 2.350004 2.181727 2.211559
2.522066 2.434277 2.509834 2.861742 3.186676 3.485024 2.379644 2.388536 2.455825 2.964313 3.075533 3.094532 2.423129 2.356584 2.332016 3.015384 2.233690 3.244075 3.024337 2.351219 2.983022 2.906565 2.482050 2.804617 2.953490 2.965007 2.954949 2.954589 2.950534 2.938984 3.025081 3.089441 3.023405 2.965460 3.028225
3.329794 3.215082 3.243502 3.394163 3.576824 3.677132 3.192586 3.165109 3.160633 3.377337 3.234645 3.251652 3.245598 3.194988 3.124273 3.171488 3.244075 2.102698 3.179709 3.177088 3.098017 3.061068 3.290837 3.205828 3.103947 3.116637 3.110295 3.110322 3.111789 3.096039 3.181686 3.627618 3.193896 3.124166 3.185632
3.108642 2.996742 3.026637 3.135858 3.199194 2.855203 2.970636 2.949047 2.949986 3.111036 2.169115 2.108901 3.020381 2.975563 2.915617 1.988017 3.024337 3.179709 1.783554 2.940648 2.351559 1.985269 3.048071 2.874053 2.384541 2.274826 2.108053 2.053331 2.226807 2.102210 2.156769 3.259563 2.341362 2.166241 2.191428
2.406492 2.347415 2.440795 2.801742 3.122981 3.407101 2.255229 2.318775 2.400240 2.903631 2.993024 3.011457 2.264969 2.290150 2.305884 2.932057 2.351219 3.177088 2.940648 2.001503 2.898905 2.822462 2.203183 2.710180 2.866934 2.879398 2.870323 2.870161 2.864560 2.854045 2.940346 2.952041 2.936467 2.880168 2.943233
3.069981 2.959508 2.991916 3.121338 3.219334 3.013667 2.931628 2.911941 2.915787 3.103229 2.437412 2.439064 2.980562 2.936217 2.876883 2.352184 2.983022 3.098017 2.351559 2.898905 1.929251 2.221967 3.005765 2.813498 2.275739 2.224750 2.262263 2.267918 2.259257 2.248113 2.336490 3.210542 2.361608 2.275459 2.338249
2.991502 2.880002 2.910538 3.024103 3.094039 2.778147 2.853397 2.832372 2.834077 3.000874 2.121421 2.099387 2.902883 2.858281 2.798640 2.001830 2.906565 3.061068 1.985269 2.822462 2.221967 1.778103 2.929612 2.750754 2.252604 2.139873 1.957269 1.920266 2.089153 1.964551 2.027857 3.136587 2.204867 2.028597 2.057200
2.542644 2.481400 2.572496 2.927107 3.243835 3.518494 2.391871 2.451825 2.530203 3.026130 3.101214 3.119284 2.402865 2.425751 2.436388 3.039715 2.482050 3.290837 3.048071 2.203183 3.005765 2.929612 2.087721 2.810840 2.972370 2.985535 2.977120 2.977094 2.970538 2.960664 3.047096 3.028437 3.041883 2.986569 3.049826
2.911761 2.814971 2.867503 3.111808 3.337772 3.425681 2.770603 2.769719 2.799155 3.156276 2.942165 2.952790 2.811888 2.774939 2.726307 2.869973 2.804617 3.205828 2.874053 2.710180 2.813498 2.750754 2.810840 1.991752 2.752123 2.786851 2.791879 2.794358 2.772410 2.772767 2.861258 2.991325 2.837460 2.795256 2.861538
3.043096 2.934420 2.969622 3.114852 3.229744 3.054015 2.904335 2.887209 2.894690 3.106068 2.477130 2.476039 2.952081 2.908821 2.851270 2.387988 2.953490 3.103947 2.384541 2.866934 2.275739 2.252604 2.972370 2.752123 1.952011 2.226837 2.283920 2.291292 2.246869 2.262179 2.354048 3.154859 2.328051 2.280812 2.350651
3.052422 2.942516 2.975670 3.107182 3.203519 2.974449 2.913947 2.895139 2.900117 3.091795 2.374511 2.369802 2.962442 2.918625 2.860262 2.280216 2.965007 3.116637 2.274826 2.879398 2.224750 2.139873 2.985535 2.786851 2.226837 2.013367 2.167425 2.177750 2.133011 2.148110 2.240605 3.176531 2.246518 2.168873 2.237406
3.040673 2.929673 2.961033 3.079946 3.158160 2.870030 2.902450 2.882134 2.884862 3.059140 2.232678 2.217367 2.951610 2.907271 2.848054 2.122818 2.954949 3.110295 2.108053 2.870323 2.262263 1.957269 2.977120 2.791879 2.283920 2.167425 1.900597 1.985286 2.105753 1.979266 2.068660 3.177820 2.223403 2.042537 2.081822
3.040006 2.928808 2.959838 3.076549 3.151339 2.849606 2.901828 2.881238 2.883550 3.054825 2.201031 2.178813 2.951116 2.906673 2.847294 2.080740 2.954589 3.110322 2.053331 2.870161 2.267918 1.920266 2.977094 2.794358 2.291292 2.177750 1.985286 1.814279 2.115910 1.948025 1.990735 3.180073 2.230685 2.029073 2.038412
3.037875 2.928019 2.961194 3.091941 3.186086 2.945505 2.899388 2.880684 2.885720 3.076627 2.335536 2.327171 2.947829 2.904127 2.845952 2.235872 2.950534 3.111789 2.226807 2.864560 2.259257 2.089153 2.970538 2.772410 2.246869 2.133011 2.105753 2.115910 1.968330 2.071500 2.169308 3.157426 2.146865 2.078656 2.158493
3.024994 2.914248 2.946012 3.067202 3.148303 2.867460 2.886708 2.866767 2.870005 3.047465 2.232824 2.216316 2.935712 2.891536 2.832583 2.121140 2.938984 3.096039 2.102210 2.854045 2.248113 1.964551 2.960664 2.772767 2.262179 2.148110 1.979266 1.948025 2.071500 1.806624 1.968496 3.158144 2.184420 1.947971 1.962373
3.110840 2.999918 3.031385 3.150675 3.229138 2.939129 2.972593 2.952404 2.955259 3.130105 2.298125 2.278442 3.021715 2.977441 2.918317 2.181572 3.025081 3.181686 2.156769 2.940346 2.336490 2.027857 3.047096 2.861258 2.354048 2.240605 2.068660 1.990735 2.169308 1.968496 1.806759 3.246717 2.281981 2.047473 1.991148
3.189983 3.102294 3.164859 3.437811 3.682751 3.804690 3.046547 3.060838 3.104014 3.496359 3.326472 3.337724 3.080281 3.056530 3.024984 3.255235 3.089441 3.627618 3.259563 2.952041 3.210542 3.136587 3.028437 2.991325 3.154859 3.176531 3.177820 3.180073 3.157426 3.158144 3.246717 2.043529 3.219008 3.180169 3.246718
3.111601 3.002383 3.036527 3.173048 3.274240 3.051143 2.972965 2.955179 2.961454 3.160801 2.448277 2.440883 3.020986 2.977690 2.920163 2.350004 3.023405 3.193896 2.341362 2.936467 2.361608 2.204867 3.041883 2.837460 2.328051 2.246518 2.223403 2.230685 2.146865 2.184420 2.281981 3.219008 2.038556 2.183060 2.268660
3.051892 2.941448 2.973682 3.097943 3.183361 2.915738 2.913540 2.894019 2.897856 3.079666 2.289446 2.275630 2.962357 2.918355 2.859667 2.181727 2.965460 3.124166 2.166241 2.880168 2.275459 2.028597 2.986569 2.795256 2.280812 2.168873 2.042537 2.029073 2.078656 1.947971 2.047473 3.180169 2.183060 1.830357 1.997916
3.114272 3.003568 3.035389 3.156833 3.238254 2.958204 2.975978 2.956096 2.959399 3.137228 2.323884 2.306966 3.024960 2.980815 2.921895 2.211559 3.028225 3.185632 2.191428 2.943233 2.338249 2.057200 3.049826 2.861538 2.350651 2.237406 2.081822 2.038412 2.158493 1.962373 1.991148 3.246718 2.268660 1.997916 1.809775
